104
151
169
177
181
210
222
229
234
236
238
242
269
307
341
352
353
356
367
368
373
392
398
402
419
427
445
446
452
458
459
468
474
487
493
501
507
511
512
513
514
523
525
527
529
532
536
548
549
554
556
558
559
577
581
592
616
624
631
639
641
643
647
655
678
683
688
696
700
708
722
736
739
745
746
750
751
753
756
760
762
770
771
772
777
785
786
801
802
808
812
821
824
825
826
827
828
829
832
833
836
837
844
853
857
865
868
884
892
897
899
903
904
909
916
918
920
925
936
937
939
944
945
946
947
950
955
956
958
963
964
965
968
975
979
982
983
984
988
991
995
998
1000
1001
1006
1008
1011
1012
1014
1015
1017
1018
1019
1022
1024
1026
1028
1033
1034
1036
1038
1041
1044
1046
1048
1049
1055
1057
1062
1063
1065
1067
1068
1075
1079
1085
1086
1089
1091
1094
1095
1107
1112
1113
1114
1119
1126
1128
1129
1130
1141
1145
1146
1148
1151
1153
1154
1158
1163
1166
1168
1174
1176
1183
1184
1186
1187
1188
1193
1200
1201
1203
1209
1213
1215
1217
1219
1226
1231
1233
1235
1247
1248
1251
1252
1253
1255
1258
1260
1274
1275
1281
1283
1284
1294
1295
1296
1298
1299
1300
1305
1306
1310
1311
1312
1314
1321
1322
1324
1328
1330
1332
1335
1342
1344
1348
1349
1351
1359
1362
1370
1376
1379
1382
1387
1392
1393
1394
1396
1403
1404
1405
1406
1409
1411
1414
1421
1423
1425
1428
1433
1439
1445
1447
1450
1454
1455
1458
1463
1466
1468
1470
1471
1472
1473
1475
1476
1478
1483
1485
1486
1487
1488
1494
1496
1498
1505
1512
1513
1515
1522
1523
1524
1526
1527
1537
1538
1539
1540
1541
1550
1551
1552
1554
1556
1558
1559
1561
1567
1568
1576
1579
1580
1581
1583
1594
1610
1612
1616
1619
1621
1622
1624
1628
1632
1636
1641
1643
1646
1647
1649
1650
1652
1654
1664
1665
1670
1672
1681
1692
1699
1701
1703
1706
1708
1710
1715
1716
1718
1719
1720
1726
1731
1737
1742
1743
1747
1750
1753
1760
1763
1764
1767
1771
1772
1773
1776
1779
1780
1781
1783
1787
1788
1789
1793
1794
1797
1798
1799
1800
1802
1803
1805
1806
1807
1813
1814
1822
1823
1825
1831
1834
1835
1840
1844
1845
1846
1848
1851
1854
1856
1858
1866
1870
1872
1874
1875
1876
1877
1879
1880
1881
1883
1884
1887
1890
1891
1895
1896
1898
1899
1900
1907
1911
1915
1917
1918
1920
1923
1925
1930
1932
1933
1940
1941
1942
1943
1944
1946
1951
1952
1954
1957
1960
1961
1962
1963
1967
1968
1969
1970
1973
1974
1976
1982
1987
1992
1994
1998
1999
2001
2002
2005
2009
2011
2012
2015
2016
2017
2019
2024
2026
2028
2035
2037
2039
2042
2048
2049
2051
2052
2057
2058
2062
2066
2070
2074
2075
2076
2084
2085
2086
2089
2091
2092
2094
2096
2097
2100
2102
2106
2109
2110
2112
2113
2114
2118
2120
2124
2128
2134
2137
2138
2140
2144
2145
2147
2149
2152
2155
2157
2158
2159
2164
2165
2166
2167
2170
2175
2178
2179
2181
2182
2185
2191
2194
2198
2200
2201
2204
2212
2213
2214
2215
2216
2217
2220
2222
2223
2225
2231
2238
2239
2243
2244
2247
2248
2255
2260
2261
2264
2267
2272
2273
2274
2276
2281
2282
2287
2288
2293
2296
2298
2299
2301
2302
2303
2304
2306
2309
2311
2312
2313
2314
2316
2317
2318
2325
2326
2327
2333
2334
2335
2336
2340
2341
2343
2346
2347
2348
2351
2352
2353
2354
2355
2356
2358
2372
2374
2376
2377
2379
2380
2381
2384
2385
2388
2391
2392
2395
2398
2402
2405
2406
2411
2412
2413
2414
2415
2422
2425
2427
2429
2432
2439
2442
2443
2444
2448
2449
2453
2454
2457
2461
2463
2467
2470
2471
2478
2481
2482
2483
2484
2485
2489
2490
2495
2497
2499
2500
2504
2505
2507
2510
2511
2517
2522
2524
2525
2526
2527
2528
2532
2534
2536
2539
2540
2541
2544
2545
2546
2548
2554
2556
2557
2558
2560
2563
2569
2570
2576
2579
2581
2584
2585
2586
2587
2588
2589
2590
2594
2596
2602
2603
2605
2611
2612
2618
2619
2620
2626
2629
2630
2634
2639
2641
2642
2647
2648
2651
2652
2654
2658
2659
2660
2664
2669
2672
2673
2675
2676
2677
2678
2679
2680
2681
2682
2683
2684
2686
2687
2691
2694
2695
2698
2704
2705
2706
2708
2710
2711
2722
2723
2725
2727
2729
2731
2732
2733
2734
2739
2740
2743
2744
2749
2752
2753
2759
2761
2763
2765
2767
2768
2769
2770
2771
2772
2775
2778
2779
2780
2781
2786
2787
2788
2793
2794
2795
2796
2797
2800
2801
2802
2806
2807
2810
2816
2817
2818
2823
2824
2827
2828
2829
2832
2833
2834
2835
2836
2837
2840
2841
2843
2844
2846
2848
2850
2851
2855
2857
2859
2860
2861
2862
2863
2866
2867
2871
2872
2873
2881
2882
2887
2888
2893
2894
2895
2897
2899
2901
2902
2906
2910
2912
2913
2914
2915
2921
2922
2923
2924
2925
2928
2929
2933
2934
2935
2936
2937
2938
2939
2942
2943
2944
2945
2947
2948
2949
2950
2951
2952
2954
2955
2956
2958
2961
2964
2965
2967
2968
2969
2970
2976
2977
2978
2980
2984
2988
2989
2991
2993
2995
2996
2998
2999
3000
3001
3003
3004
3007
3010
3012
3013
3016
3018
3019
3023
3024
3025
3027
3029
3030
3031
3033
3034
3035
3038
3039
3042
3046
3047
3048
3049
3050
3051
3052
3054
3055
3059
3060
3061
3064
3068
3069
3072
3075
3078
3079
3083
3086
3089
3092
3093
3096
3097
3099
3100
3103
3104
3106
3108
3110
3111
3112
3113
3114
3118
3119
3120
3124
3126
3127
3130
3131
3134
3137
3140
3143
3146
3147
3148
3149
3151
3152
3153
3156
3157
3160
3161
3163
3164
3166
3167
3168
3169
3170
3171
3176
3179
3180
3185
3186
3187
3190
3191
3194
3195
3198
3199
3200
3201
3205
3206
3208
3210
3213
3214
3215
3216
3219
3220
3221
3227
3228
3229
3230
3235
3238
3239
3240
3242
3243
3244
3245
3246
3252
3257
3260
3264
3265
3266
3267
3268
3271
3272
3273
3275
3279
3280
3282
3283
3284
3285
3286
3291
3295
3299
3300
3301
3303
3304
3306
3309
3310
3312
3314
3315
3316
3317
3319
3320
3321
3324
3325
3331
3332
3333
3334
3342
3343
3346
3347
3348
3349
3350
3351
3352
3353
3354
3355
3356
3357
3358
3359
3361
3362
3363
3374
3375
3376
3377
3379
3382
3384
3386
3391
3393
3394
3398
3399
3401
3402
3403
3404
3406
3407
3410
3412
3413
3414
3418
3421
3423
3424
3426
3427
3428
3431
3432
3433
3435
3436
3439
3440
3444
3445
3446
3447
3451
3452
3457
3460
3461
3462
3463
3466
3467
3470
3473
3475
3476
3478
3479
3480
3483
3485
3489
3492
3493
3495
3497
3498
3499
3501
3502
3503
3507
3508
3510
3513
3514
3515
3516
3517
3518
3521
3525
3526
3529
3530
3531
3532
3534
3536
3537
3539
3541
3543
3545
3546
3548
3552
3553
3562
3563
3564
3565
3566
3568
3571
3573
3574
3575
3576
3578
3580
3581
3583
3584
3588
3590
3591
3595
3597
3598
3599
3600
3601
3602
3606
3607
3608
3610
3612
3615
3616
3620
3621
3623
3624
3628
3629
3630
3631
3633
3634
3638
3644
3645
3646
3648
3651
3653
3655
3656
3658
3662
3663
3664
3665
3669
3670
3672
3673
3677
3678
3680
3681
3682
3685
3686
3687
3689
3691
3693
3694
3695
3696
3697
3699
3700
3702
3706
3707
3708
3710
3711
3713
3714
3716
3718
3720
3721
3722
3723
3729
3730
3732
3734
3736
3737
3742
3743
3747
3748
3750
3753
3754
3756
3759
3760
3764
3765
3766
3767
3769
3770
3771
3776
3778
3780
3782
3783
3784
3786
3788
3792
3793
3794
3795
3797
3798
3799
3801
3802
3804
3807
3809
3811
3814
3815
3816
3817
3818
3819
3821
3823
3824
3825
3827
3828
3831
3832
3834
3835
3836
3837
3838
3841
3843
3844
3846
3850
3852
3854
3857
3859
3862
3865
3867
3868
3869
3870
3871
3872
3873
3877
3879
3880
3881
3883
3886
3887
3889
3890
3891
3893
3894
3895
3897
3899
3901
3902
3903
3905
3907
3911
3914
3918
3919
3920
3921
3923
3924
3926
3927
3930
3932
3935
3936
3937
3940
3941
3943
3944
3946
3947
3950
3951
3952
3953
3954
3955
3956
3959
3960
3961
3962
3963
3965
3966
3967
3972
3973
3974
3975
3976
3980
3981
3985
3986
3987
3988
3989
3990
3991
3992
3994
3997
3999
4000
4001
4002
4004
4005
4006
4007
4009
4010
4011
4013
4015
4016
4017
4020
4021
4022
4025
4026
4027
4028
4029
4030
4031
4035
4036
4037
4038
4041
4042
4044
4045
4046
4047
4048
4049
4050
4051
4055
4057
4059
4060
4061
4062
4063
4065
4067
4068
4069
4070
4071
4073
4075
4076
4079
4083
4084
4087
4088
4089
4090
4093
4094
4095
4096
4097
4099
4100
4101
4102
4103
4104
4105
4107
4108
4109
4110
4111
4113
4114
4116
4117
4119
4121
4123
4125
4126
4127
4128
4129
4131
4132
4133
4134
4136
4137
4139
4141
4142
4146
4147
4148
4149
4150
4152
4154
4157
4158
4159
4160
4161
4163
4165
4166
4168
4169
4173
4175
4177
4181
4183
4184
4187
4188
4190
4192
4193
4195
4196
4197
4198
4199
4200
4201
4203
4204
4205
4207
4213
4214
4216
4217
4219
4221
4222
4225
4226
4227
4228
4229
4231
4232
4234
4235
4236
4237
4238
4240
4241
4243
4245
4246
4248
4249
4250
4253
4254
4256
4258
4259
4261
4263
4264
4268
4270
4274
4275
4277
4278
4279
4280
4282
4284
4286
4288
4289
4290
4292
4293
4295
4298
4300
4301
4302
4303
4304
4305
4306
4307
4308
4309
4310
4311
4312
4313
4314
4316
4317
4318
4320
4321
4322
4323
4324
4328
4331
4333
4334
4335
4336
4340
4341
4343
4345
4346
4347
4350
4351
4352
4354
4355
4356
4358
4359
4360
4363
4364
4365
4367
4368
4369
4370
4371
4373
4376
4377
4379
4380
4383
4384
4386
4388
4391
4392
4393
4394
4397
4400
4401
4403
4404
4405
4407
4409
4410
4411
4413
4414
4416
4417
4418
4419
4421
4422
4423
4425
4429
4431
4432
4433
4434
4435
4436
4437
4441
4443
4445
4446
4448
4450
4454
4455
4456
4457
4458
4460
4461
4462
4464
4466
4467
4468
4470
4471
4472
4474
4475
4478
4479
4481
4484
4488
4491
4492
4494
4496
4497
4498
4499
4501
4503
4504
4505
4506
4508
4510
4512
4514
4516
4517
4518
4520
4522
4523
4524
4525
4526
4527
4528
4530
4532
4534
4535
4536
4537
4538
4539
4540
4541
4542
4544
4547
4548
4549
4550
4551
4555
4557
4558
4559
4561
4562
4565
4569
4570
4571
4572
4573
4574
4581
4583
4584
4585
4586
4587
4588
4589
4591
4592
4594
4595
4597
4598
4599
4600
4601
4602
4605
4606
4607
4610
4611
4613
4617
4620
4621
4622
4623
4624
4625
4627
4628
4630
4632
4633
4636
4637
4638
4639
4640
4641
4642
4645
4646
4647
4648
4650
4652
4654
4655
4657
4658
4660
4661
4662
4663
4665
4666
4667
4670
4672
4673
4674
4675
4676
4678
4681
4683
4684
4685
4686
4688
4689
4691
4692
4693
4695
4700
4704
4707
4708
4709
4711
4713
4716
4719
4721
4725
4727
4729
4730
4732
4733
4734
4736
4737
4738
4742
4743
4747
4748
4749
4753
4754
4756
4758
4761
4762
4763
4765
4767
4768
4769
4770
4771
4772
4774
4776
4778
4779
4780
4781
4782
4783
4785
4786
4788
4790
4791
4792
4793
4794
4795
4796
4797
4798
4800
4801
4802
4803
4804
4805
4807
4810
4812
4813
4814
4815
4816
4818
4819
4820
4821
4824
4826
4829
4830
4832
4833
4835
4837
4838
4839
4841
4842
4843
4844
4846
4847
4849
4851
4853
4854
4858
4859
4861
4862
4863
4864
4865
4866
4867
4870
4873
4874
4875
4876
4877
4880
4881
4885
4886
4887
4889
4890
4891
4892
4893
4894
4895
4896
4898
4899
4904
4905
4907
4908
4909
4911
4914
4915
4916
4917
4922
4923
4924
4925
4926
4927
4928
4932
4934
4935
4937
4939
4940
4941
4943
4947
4948
4950
4951
4954
4955
4958
4960
4961
4962
4963
4964
4965
4966
4968
4969
4970
4971
4972
4973
4976
4978
4981
4982
4983
4984
4985
4986
4987
4991
4992
4996
4997
4999