2
16
41
57
73
76
78
90
94
102
119
127
136
141
146
147
150
157
162
165
172
173
176
185
186
192
205
206
210
216
219
222
223
234
237
240
242
243
250
254
255
258
261
262
263
264
265
270
284
287
288
289
290
291
294
295
296
300
301
311
316
318
319
322
326
327
329
333
335
341
345
348
349
351
354
360
363
364
370
372
374
380
383
386
388
390
393
398
400
402
406
409
410
415
416
420
425
428
430
432
435
440
442
444
446
447
449
451
452
457
460
461
464
466
468
469
470
471
472
474
475
478
480
481
483
489
490
495
499
501
506
507
508
511
514
516
518
519
525
528
529
531
532
533
534
536
539
540
542
543
545
548
549
550
551
553
554
555
556
559
560
561
563
565
570
571
572
573
575
579
581
582
584
585
588
589
591
592
594
596
598
600
601
603
605
606
608
610
612
613
614
616
617
622
624
626
628
629
631
634
635
638
639
641
643
644
645
646
649
654
655
656
657
661
663
665
666
667
669
673
674
675
679
683
685
688
690
691
692
696
698
700
701
702
706
708
710
712
714
715
716
718
719
720
724
725
729
730
732
733
734
735
736
737
738
739
740
741
743
744
747
748
749
755
759
761
762
765
767
768
770
771
774
775
776
777
779
783
784
785
786
787
788
789
791
793
795
797
798
800
801
804
806
807
810
812
813
816
817
818
820
822
825
826
831
833
836
837
839
840
842
844
845
846
847
848
850
851
852
854
855
857
859
860
861
862
863
864
865
872
873
874
878
879
880
881
882
884
885
886
887
889
892
894
895
897
898
899
900
902
903
904
906
907
908
909
910
911
913
914
917
919
920
923
924
926
927
928
930
931
936
939
940
941
943
945
947
948
949
950
951
952
953
956
960
962
963
964
965
966
968
969
970
973
974
975
976
979
982
983
985
989
990
991
992
994
995
996
997
998
999