1
3
4
6
8
10
12
14
17
18
20
23
26
28
30
31
34
36
37
39
43
45
48
49
53
55
57
59
61
63
65
67
69
71
73
75
77
79
81
83
86
91
93
96
99
100
102
104
107
109
112
114
117
119
121
124
125
127
129
131
133
135
138
139
141
143
146
148
150
153
155
157
160
164
166
171
174
176
178
180
182
183
184
186
190
191
193
195
198
200
202
203
205
207
209
211
215
217
219
222
224
226
228
230
232
234
236
237
239
241
243
246
248
251
253
255
257
259
262
264
267
268
270
272
274
277
279
282
284
286
288
290
292
294
297
301
302
304
306
308
312
314
316
318
320
325
328
330
332
334
336
339
342
344
346
348
351
353
356
358
360
361
363
365
367
370
372
375
378
380
382
384
386
388
390
392
394
396
399
400
402
405
407
410
411
414
416
417
419
422
424
427
431
433
437
439
442
444
446
447
449
451
454
457
459
463
465
467
469
471
473
475
476
480
482
484
486
488
490
492
494
496
499
503
506
508
509
511
513
514
517
519
521
523
526
528
529
531
533
534
536
537
540
542
544
547
552
554
556
557
559
561
565
566
569
571
573
576
578
579
582
584
586
588
590
592
593
595
597
599
603
605
608
611
612
614
615
618
621
622
626
631
633
635
636
639
641
643
645
648
649
652
655
656
658
663
665
666
668
671
673
676
681
683
685
686
689
690
692
694
697
699
700
702
704
706
708
710
712
714
716
718
721
723
725
727
728
732
734
736
737
739
742
743
744
747
749
750
752
754
755
759
760
762
764
766
768
770
771
772
773
777
779
782
784
786
787
789
791
795
798
800
802
804
805
807
808
810
812
815
817
818
821
823
825
826
830
831
833
838
839
841
844
846
848
849
851
853
855
857
859
866
870
872
874
876
878
880
882
883
885
887
889
893
896
898
900
902
903
905
907
909
911
913
914
919
921
923
925
928
932
934
936
938
940
942
945
947
950
952
953
954
957
959
961
962
964
966
970
972
975
977
979
981
983
986
987
990
992
994
997
998
1002
1004
1006
1007
1008
1010
1012
1013
1016
1019
1021
1028
1030
1031
1034
1036
1038
1040
1041
1043
1044
1046
1051
1053
1056
1058
1060
1064
1066
1067
1072
1074
1075
1077
1079
1081
1084
1086
1089
1092
1096
1097
1100
1103
1105
1107
1109
1111
1113
1115
1117
1119
1121
1122
1124
1126
1127
1130
1132
1134
1136
1138
1140
1143
1144
1146
1148
1150
1154
1156
1159
1161
1166
1168
1169
1171
1173
1175
1178
1180
1182
1184
1186
1188
1189
1190
1191
1194
1195
1198
1201
1203
1204
1207
1210
1212
1214
1216
1219
1224
1225
1227
1229
1230
1233
1237
1238
1240
1242
1243
1244
1246
1247
1248
1250
1253
1256
1257
1259
1262
1265
1267
1270
1272
1274
1276
1278
1279
1280
1283
1284
1291
1294
1295
1297
1302
1304
1306
1308
1309
1311
1313
1315
1317
1319
1321
1324
1326
1327
1329
1332
1333
1335
1338
1340
1342
1344
1346
1348
1350
1352
1354
1356
1358
1360
1362
1364
1366
1368
1370
1371
1373
1375
1377
1379
1382
1386
1388
1390
1392
1394
1397
1398
1399
1401
1402
1404
1407
1410
1412
1414
1416
1418
1420
1422
1423
1425
1428
1430
1433
1436
1438
1440
1442
1444
1446
1447
1449
1451
1453
1457
1460
1462
1464
1466
1468
1470
1471
1473
1475
1477
1479
1482
1484
1486
1488
1490
1491
1493
1498
1499
1502
1504
1506
1508
1510
1512
1514
1516
1518
1521
1525
1527
1529
1532
1533
1535
1537
1539
1543
1545
1547
1549
1551
1553
1556
1557
1559
1561
1565
1567
1569
1570
1572
1574
1576
1578
1580
1582
1585
1589
1591
1594
1596
1598
1599
1604
1606
1608
1610
1612
1613
1617
1618
1623
1625
1627
1629
1631
1634
1636
1639
1643
1647
1649
1650
1654
1657
1658
1659
1662
1663
1665
1667
1671
1673
1675
1679
1681
1683
1685
1687
1689
1692
1694
1696
1698
1700
1701
1702
1706
1708
1710
1711
1713
1714
1717
1718
1721
1723
1724
1726
1728
1730
1732
1734
1736
1739
1741
1743
1745
1749
1754
1755
1757
1759
1762
1764
1768
1769
1771
1773
1777
1779
1781
1782
1784
1786
1790
1792
1795
1797
1799
1801
1803
1806
1808
1810
1812
1815
1817
1819
1821
1822
1824
1826
1828
1831
1833
1835
1836
1838
1840
1842
1844
1846
1848
1850
1852
1854
1856
1858
1860
1862
1864
1866
1868
1870
1873
1875
1877
1879
1881
1883
1885
1887
1889
1891
1893
1896
1898
1900
1902
1904
1906
1908
1910
1912
1914
1916
1918
1920
1922
1924
1926
1928
1930
1932
1934
1936
1938
1940
1942
1944
1946
1948
1950
1952
1954
1956
1958
1960
1962
1964
1966
1968
1972
1974
1976
1978
1980
1984
1987
1989
1991
1993
1995
1997
2000
2002
2004
2006
2008
2010
2012
2014
2016
2018
2020
2022
2024
2026
2029
2031
2033
2035
2037
2039
2045
2054
2057
2059
2061
2063
2065
2067
2069
2071
2073
2075
2077
2079
2081
2083
2085
2090
2092
2093
2096
2098
2099
2101
2103
2104
2106
2108
2112
2113
2115
2118
2120
2122
2124
2126
2128
2133
2134
2136
2138
2140
2143
2145
2146
2150
2155
2157
2159
2161
2162
2164
2166
2168
2173
2175
2177
2179
2181
2183
2185
2188
2190
2192
2194
2197
2199
2201
2204
2205
2206
2209
2211
2213
2217
2219
2221
2222
2224
2226
2228
2230
2232
2235
2236
2239
2241
2243
2245
2246
2251
2253
2254
2257
2258
2260
2262
2264
2266
2268
2270
2272
2274
2276
2278
2280
2284
2286
2288
2290
2291
2293
2295
2297
2299
2302
2304
2306
2307
2311
2313
2315
2316
2318
2320
2322
2324
2326
2328
2330
2332
2333
2335
2337
2339
2341
2347
2349
2351
2353
2354
2356
2358
2362
2365
2370
2373
2374
2376
2381
2383
2384
2386
2390
2394
2396
2397
2401
2403
2405
2407
2409
2411
2413
2414
2417
2420
2422
2425
2426
2432
2434
2436
2438
2439
2442
2443
2445
2447
2449
2451
2453
2454
2456
2458
2460
2462
2464
2466
2471
2473
2474
2476
2478
2482
2487
2488
2492
2494
2496
2498
2500
2502
2504
2505
2507
2512
2514
2516
2518
2521
2523
2525
2526
2530
2532
2534
2536
2538
2540
2542
2544
2546
2548
2551
2553
2557
2559
2561
2563
2565
2570
2572
2574
2576
2578
2580
2582
2584
2586
2589
2591
2593
2595
2597
2599
2601
2603
2605
2607
2609
2612
2614
2616
2618
2620
2622
2624
2626
2628
2630
2632
2634
2636
2638
2640
2642
2644
2646
2648
2650
2652
2654
2656
2658
2660
2662
2664
2666
2668
2670
2672
2674
2676
2678
2680
2682
2684
2686
2688
2690
2692
2694
2696
2698
2700
2701
2702
2704
2707
2709
2712
2714
2716
2718
2720
2722
2724
2726
2727
2732
2734
2736
2738
2740
2742
2744
2746
2748
2750
2752
2754
2755
2757
2759
2760
2762
2764
2766
2768
2770
2771
2773
2775
2776
2778
2781
2782
2785
2787
2789
2791
2793
2795
2796
2801
2802
2804
2807
2808
2809
2811
2814
2815
2818
2820
2823
2825
2827
2829
2831
2833
2836
2839
2840
2842
2846
2848
2850
2852
2854
2857
2858
2861
2864
2867
2870
2873
2875
2877
2881
2883
2884
2886
2889
2891
2892
2894
2897
2899
2900
2903
2905
2906
2908
2911
2913
2915
2917
2921
2923
2926
2928
2930
2932
2935
2937
2939
2942
2944
2946
2948
2952
2955
2956
2959
2961
2964
2967
2970
2972
2977
2979
2980
2983
2985
2986
2988
2991
2992
2996
2997
2999
3002
3004
3007
3008
3010
3013
3016
3018
3020
3022
3024
3026
3028
3030
3033
3035
3036
3038
3040
3042
3044
3046
3048
3050
3052
3054
3056
3058
3060
3062
3064
3066
3069
3071
3073
3076
3079
3081
3083
3085
3086
3089
3091
3092
3095
3097
3098
3099
3100
3102
3106
3107
3109
3112
3113
3114
3116
3121
3122
3126
3128
3131
3132
3134
3136
3138
3140
3142
3144
3149
3150
3152
3154
3156
3158
3160
3162
3167
3169
3172
3174
3179
3180
3183
3184
3187
3188
3191
3193
3195
3198
3203
3205
3206
3208
3211
3212
3213
3216
3217
3220
3222
3225
3226
3230
3231
3233
3236
3239
3240
3243
3246
3247
3249
3251
3252
3256
3259
3261
3263
3265
3266
3268
3270
3273
3277
3279
3280
3282
3284
3286
3288
3291
3292
3294
3298
3301
3303
3305
3309
3311
3313
3314
3316
3319
3321
3323
3325
3327
3329
3331
3333
3335
3337
3339
3341
3345
3347
3349
3351
3353
3354
3355
3357
3359
3362
3364
3366
3367
3369
3372
3374
3376
3380
3384
3385
3388
3390
3392
3393
3397
3399
3401
3403
3408
3409
3411
3413
3415
3420
3422
3425
3426
3428
3430
3431
3434
3436
3438
3442
3445
3447
3448
3450
3452
3456
3458
3460
3461
3465
3467
3469
3471
3473
3475
3476
3478
3485
3487
3489
3490
3494
3496
3497
3499
3502
3504
3506
3508
3510
3514
3518
3519
3521
3523
3528
3530
3532
3534
3536
3538
3540
3541
3543
3545
3547
3549
3553
3555
3558
3561
3563
3565
3567
3569
3571
3574
3576
3577
3579
3580
3583
3586
3587
3589
3592
3593
3594
3597
3600
3603
3604
3607
3609
3612
3613
3615
3618
3620
3622
3624
3627
3628
3630
3631
3636
3637
3639
3642
3645
3646
3648
3650
3651
3655
3658
3660
3661
3663
3666
3667
3672
3675
3677
3679
3682
3685
3686
3688
3691
3693
3694
3696
3698
3700
3702
3705
3707
3708
3713
3716
3718
3719
3721
3722
3724
3726
3728
3733
3734
3736
3738
3740
3742
3744
3747
3748
3750
3753
3755
3757
3758
3763
3765
3766
3769
3771
3774
3776
3777
3780
3781
3783
3785
3787
3789
3791
3793
3796
3799
3801
3803
3806
3807
3809
3811
3813
3815
3817
3819
3824
3828
3830
3832
3836
3838
3840
3842
3846
3847
3849
3851
3857
3858
3860
3862
3866
3869
3872
3874
3875
3878
3879
3883
3884
3886
3890
3892
3893
3895
3897
3900
3902
3903
3907
3908
3912
3914
3916
3918
3919
3923
3926
3927
3930
3935
3937
3938
3940
3941
3943
3945
3947
3949
3953
3954
3956
3959
3960
3962
3963
3965
3970
3971
3976
3978
3980
3983
3985
3988
3989
3991
3993
3995
3997
3999
4000
4002
4004
4006
4008
4010
4012
4015
4018
4019
4023
4025
4026
4028
4031
4033
4035
4037
4040
4043
4045
4049
4051
4053
4055
4058
4061
4064
4067
4068
4071
4074
4076
4080
4081
4082
4085
4087
4089
4091
4093
4096
4098
4101
4103
4105
4107
4108
4110
4112
4114
4115
4117
4119
4122
4124
4127
4129
4131
4132
4134
4135
4139
4141
4144
4146
4147
4152
4154
4156
4158
4162
4163
4169
4170
4171
4173
4176
4178
4180
4182
4183
4184
4188
4189
4192
4195
4196
4198
4200
4203
4204
4206
4208
4209
4212
4214
4216
4217
4220
4222
4224
4225
4228
4230
4232
4233
4236
4238
4242
4244
4247
4248
4250
4251
4253
4254
4258
4259
4262
4263
4265
4269
4272
4274
4275
4279
4281
4284
4285
4288
4291
4293
4297
4299
4300
4301
4303
4305
4308
4310
4311
4314
4316
4317
4321
4324
4326
4329
4332
4334
4336
4338
4342
4346
4348
4350
4352
4355
4357
4359
4362
4363
4367
4371
4372
4375
4379
4381
4383
4384
4387
4389
4390
4392
4393
4395
4401
4404
4406
4408
4410
4412
4413
4415
4417