2
3
4
5
7
8
9
14
15
16
18
20
22
25
28
29
30
32
33
34
36
38
39
40
41
43
45
46
48
49
50
52
54
55
56
58
59
60
61
64
65
67
68
70
72
73
74
75
76
77
78
79
82
83
85
86
87
88
89
91
92
93
94
96
99
100
101
102
103
104
106
107
108
110
111
112
113
114
115
116
117
118
119
120
122
123
124
127
131
132
134
136
139
141
142
143
144
145
149
150
152
154
156
157
158
159
162
163
166
167
168
169
170
171
172
174
175
176
177
179
180
181
182
183
184
186
187
188
190
192
193
194
196
197
199
201
204
205
206
207
208
210
214
216
218
220
224
225
226
229
233
235
236
238
241
243
244
245
247
248
249
250
252
253
257
259
260
261
262
264
265
267
268
273
274
276
277
278
279
282
283
289
290
291
292
293
294
295
296
297
298
299
301
304
308
309
310
311
313
315
316
317
321
322
323
324
325
326
328
329
330
331
335
337
338
339
341
342
345
346
348
352
353
355
357
359
361
362
363
364
367
369
370
372
373
374
375
376
377
378
381
382
385
386
387
389
390
391
392
393
394
395
398
399
400
401
403
404
407
408
409
410
411
412
413
415
416
418
420
422
423
424
426
427
430
431
433
434
436
437
438
439
440
442
446
448
449
451
452
454
455
459
460
461
462
466
467
468
469
470
472
474
475
476
477
478
479
480
481
482
483
485
486
488
490
491
492
494
495
497
498
499
500
501
503
504
505
506
507
508
509
510
513
514
516
517
518
519
520
522
524
525
527
528
530
531
532
533
534
537
539
540
543
544
545
546
547
550
551
552
553
555
556
557
559
560
561
563
564
565
567
568
569
570
574
575
576
577
579
580
581
582
583
585
586
587
588
589
590
591
593
595
596
597
598
599
600
601
603
604
606
607
608
609
610
611
612
613
615
616
617
618
619
621
622
623
624
625
626
627
628
629
630
631
633
634
635
636
638
639
641
642
644
648
650
651
652
653
654
655
657
659
660
661
662
664
665
667
668
671
672
676
677
678
681
683
684
686
691
692
693
694
695
696
697
698
699
700
701
703
704
706
708
709
712
713
715
716
717
719
721
723
724
725
726
727
728
730
731
732
733
734
736
737
738
739
740
741
742
743
744
745
746
747
748
750
751
752
756
757
758
760
761
762
763
764
765
766
768
769
770
771
773
774
775
778
779
780
781
782
784
785
786
788
789
791
793
794
795
796
798
802
803
804
805
807
808
811
812
813
815
816
819
820
821
822
824
825
826
827
828
831
832
833
834
835
837
838
839
840
841
842
846
847
849
850
851
852
854
855
856
857
858
859
861
862
863
864
866
868
870
871
872
873
874
875
876
877
879
881
883
884
887
889
890
891
892
893
894
896
898
899
900
901
902
903
906
909
910
911
912
913
914
915
916
917
918
920
921
922
923
926
927
928
930
931
932
933
934
936
938
946
948
950
953
956
957
959
961
966
970
972
974
975
976
977
979
980
981
983
985
986
988
989
991
992
993
994
995
997
998
999
1004
1005
1006
1007
1009
1010
1011
1012
1015
1016
1017
1018
1021
1022
1023
1026
1027
1028
1029
1030
1031
1032
1033
1037
1038
1039
1042
1044
1045
1047
1048
1052
1053
1057
1058
1060
1061
1062
1064
1068
1069
1070
1071
1074
1075
1076
1079
1081
1082
1083
1084
1087
1088
1089
1090
1092
1093
1094
1095
1096
1097
1101
1108
1109
1110
1113
1115
1118
1119
1120
1125
1128
1131
1132
1133
1134
1135
1136
1137
1138
1139
1140
1141
1142
1143
1144
1145
1147
1148
1149
1150
1151
1152
1153
1155
1156
1158
1159
1160
1162
1166
1168
1172
1173
1174
1175
1176
1177
1178
1179
1180
1181
1182
1183
1184
1186
1187
1188
1189
1190
1192
1193
1194
1195
1196
1197
1198
1199
1200
1201
1202
1203
1204
1207
1208
1209
1212
1213
1214
1215
1216
1217
1218
1219
1220
1221
1222
1224
1225
1227
1228
1230
1231
1232
1235
1236
1237
1238
1240
1241
1242
1243
1244
1245
1246
1247
1248
1249
1252
1256
1257
1258
1261
1262
1264
1265
1266
1267
1268
1269
1270
1271
1273
1275
1276
1277
1278
1279
1280
1281
1282
1284
1285
1286
1287
1289
1290
1291
1292
1294
1295
1296
1297
1298
1299
1300
1301
1302
1303
1304
1305
1306
1307
1308
1310
1312
1313
1315
1316
1317
1318
1319
1320
1321
1322
1323
1324
1325
1326
1327
1329
1330
1332
1333
1334
1335
1336
1337
1338
1339
1341
1342
1344
1345
1347
1348
1349
1350
1351
1352
1353
1354
1355
1356
1357
1358
1359
1360
1361
1362
1363
1364
1365
1366
1368
1369
1371
1372
1373
1374
1375
1376
1377
1378
1379
1380
1381
1382
1384
1385
1386
1388
1389
1390
1391
1392
1393
1394
1396
1397
1398
1400
1402
1403
1404
1406
1407
1410
1412
1413
1414
1415
1418
1421
1422
1425
1426
1428
1429
1430
1431
1432
1433
1437
1438
1439
1440
1441
1442
1443
1445
1446
1447
1448
1450
1451
1453
1454
1455
1457