0
5
7
11
20
21
24
25
41
50
56
64
70
76
78
197
198
199
200
201
203
206
209
210
211
212
214
215
216
217
218
224
225
226
228
229
232
233
235
239
243
248
252
253
255
256
257
267
268
269
270
279
281
288
293
294
319
327
332
334
340
341
346
354
363
366
367
376
378
380
381
383
384
385
387
389
394
395
396
397
400
401
402
403
407
411
412
417
422
425
427
428
429
434
444
447
448
450
451
452
453
454
455
456
458
459
462
463
465
466
467
468
471
472
473
478
479
482
483
485
490
491
494
495
500
501
506
509
510
513
514
515
517
518
522
524
526
528
529
532
534
547
548
551
554
556
560
561
563
564
576
578
580
587
589
595
596
598
604
606
609
610
611
613
615
616
628
632
633
639
640
642
644
645
648
651
653
654
655
656
657
658
661
664
670
680
683
686
702
703
707
716
718
720
724
729
735
743
751
753
758
759
764
765
768
772
777
779
782
784
785
786
789
790
791
792
793
794
795
797
799
805
806
807
824
825
827
829
833
834
837
840
843
844
847
848
850
860
861
863
867
868
869
875
877
878
887
888
889
891
894
900
901
902
903
905
907
909
910
912
919
920
925
927
929
930
932
935
940
943
947
948
950
955
956
957
959
960
962
963
965
966
967
968
969
970
971
974
978
980
981
988
990
992
995
999
1000
1001
1002
1003
1004
1010
1014
1016
1017
1018
1019
1020
1021
1023
1026
1032
1033
1034
1038
1040
1042
1043
1044
1046
1050
1052
1054
1057
1060
1062
1064
1066
1068
1069
1070
1074
1082
1084
1086
1088
1090
1091
1092
1098
1102
1105
1106
1107
1110
1117
1120
1122
1123
1126
1130
1131
1132
1133
1139
1141
1143
1145
1149
1151
1156
1158
1159
1163
1164
1165
1168
1171
1173
1177
1178
1179
1180
1181
1182
1189
1191
1192
1200
1202
1205
1206
1207
1208
1209
1210
1211
1213
1214
1215
1218
1219
1222
1223
1224
1225
1226
1230
1232
1233
1234
1235
1236
1238
1239
1243
1245
1248
1249
1250
1251
1253
1254
1257
1259
1263
1265
1266
1267
1269
1270
1271
1274
1280
1281
1282
1284
1285
1287
1289
1296
1297
1298
1299
1300
1301
1302
1304
1305
1306
1308
1309
1310
1311
1312
1313
1314
1317
1318
1319
1320
1323
1324
1326
1328
1329
1330
1331
1332
1335
1336
1340
1343
1344
1346
1347
1350
1352
1353
1360
1363
1364
1365
1367
1368
1369
1370
1371
1372
1373
1374
1376
1377
1379
1380
1381
1382
1383
1384
1385
1387
1388
1389
1390
1391
1393
1394
1395
1396
1397
1398
1399
1400
1402
1403
1404
1405
1406
1407
1408
1409
1412
1415
1416
1417
1421
1422
1427
1428
1430
1431
1432
1433
1434
1436
1439
1440
1442
1443
1444
1445
1446
1447
1448
1449
1452
1453
1454
1455
1456
1457
1460
1461
1464
1465
1466
1468
1470
1471
1472
1473
1474
1475
1477
1478
1479
1480
1482
1485
1486
1487
1490
1491
1492
1493
1494
1496
1497
1499
1500
1501
1503
1504
1505
1506
1507
1508
1509
1510
1511
1512
1513
1514
1515
1516
1519
1521
1526
1528
1529
1531
1532
1533
1534
1535
1538
1541
1543
1544
1545
1546
1547
1548
1549
1550
1551
1552
1554
1555
1556
1559
1560
1561
1562
1563
1564
1566
1568
1569
1570
1572
1573
1575
1576
1577
1578
1580
1581
1583
1584
1587
1588
1589
1590
1592
1593
1595
1596
1597
1600
1601
1603
1604
1605
1606
1607
1608
1609
1610
1611
1612
1613
1617
1618
1619
1620
1621
1622
1623
1624
1625
1626
1628
1629
1630
1631
1632
1633
1634
1635
1636
1637
1638
1639
1640
1643
1645
1646
1647
1648
1649
1651
1652
1655
1656
1657
1658
1660
1662
1663
1664
1665
1666
1667
1668
1669
1670
1671
1673
1678
1680
1683
1684
1685
1686
1689
1690
1691
1692
1693
1694
1695
1696
1697
1698
1699
1700
1701
1702
1703
1704
1705
1707
1709
1710
1711
1712
1713
1715
1716
1719
1720
1722
1723
1725
1726
1727
1728
1729
1730
1731
1733
1735
1736
1737
1739
1741
1742
1743
1744
1745
1746
1747
1748
1749
1750
1751
1752
1753
1754
1755
1756
1757
1758
1759
1760
1761
1762
1763
1764
1765
1766
1767
1769
1770
1772
1773
1774
1775
1776
1777
1778
1779
1780
1781
1782
1783
1784
1785
1786
1787
1788
1789
1790
1791
1793
1794
1796
1797
1798
1799
1800
1803
1804
1805
1808
1809
1810
1812
1813
1816
1817
1818
1819
1820
1821
1822
1823
1824
1826
1827
1828
1829
1830
1832
1833
1835
1837
1838
1839
1840
1841
1842
1843
1844
1845
1846
1847
1849
1851
1853
1855
1857
1858
1859
1860
1861
1862
1863
1864
1865
1866
1867
1868
1869
1870
1871
1872
1874
1875
1877
1878
1879
1880
1881
1883
1885
1886
1887
1889
1890
1892
1893
1894
1895
1896
1897
1898
1900
1903
1904
1905
1906
1907
1910
1911
1913
1914
1916
1917
1918
1919
1920
1921
1922
1923
1924
1925
1926
1927
1928
1929
1930
1931
1932
1933
1935
1936
1937
1939
1942
1943
1944
1946
1947
1948
1949
1950
1951
1952
1953
1954
1955
1956
1957
1958
1959
1960
1961
1962
1963
1964
1966
1967
1969
1970
1971
1972
1974
1975
1976
1977
1978
1979
1980
1981
1982
1983
1984
1985
1986
1987
1988
1989
1990
1992
1993
1994
1995
1996
1997
1998
1999
2000
2001
2002
2003