2
4
6
7
9
10
11
13
15
16
18
22
24
26
30
31
36
37
38
43
47
49
51
54
56
60
62
64
67
69
72
73
75
77
82
84
86
88
91
92
93
95
98
102
104
107
109
110
111
117
120
126
127
128
129
131
134
135
137
139
142
144
146
151
153
154
155
158
160
162
167
170
171
174
176
177
178
181
182
185
186
190
191
192
194
197
198
199
201
205
207
208
209
213
214
215
216
219
222
224
225
226
227
230
232
235
236
237
238
239
242
243
244
246
247
248
250
251
253
255
257
261
262
263
264
265
266
268
269
272
274
275
279
281
283
286
287
289
291
295
297
300
302
303
305
307
310
312
313
316
317
320
321
322
324
325
326
331
332
333
335
336
339
340
341
344
345
349
354
355
358
360
361
363
367
370
371
372
373
374
376
377
383
384
385
386
388
389
392
393
396
397
398
399
400
404
406
407
413
415
416
417
418
420
422
424
425
426
428
430
433
434
436
437
439
440
442
445
448
449
450
451
452
455
458
459
462
463
464
465
468
469
471
473
474
475
476
477
480
483
484
486
489
492
494
495
496
500
501
503
504
505
506
507
510
511
512
513
515
517
520
523
524
525
529
531
535
536
539
540
541
543
544
545
550
551
553
554
557
559
563
564
565
568
569
570
571
573
577
579
581
582
585
586
587
589
591
592
595
597
599
601
603
607
609
612
614
616
617
619
621
623
625
628
629
630
633
637
640
641
646
647
649
650
651
653
654
656
657
658
661
662
665
666
667
669
670
673
676
678
679
680
683
684
688
689
692
694
695
696
697
700
704
707
708
711
713
715
717
720
721
722
723
724
726
728
731
732
733
735
737
738
740
741
743
746
747
750
751
753
756
759
762
763
764
765
766
769
770
773
775
778
779
780
782
785
787
789
790
793
794
795
797
800
801
803
805
807
810
813
815
817
822
823
824
826
828
830
833
835
837
840
841
843
844
845
846
847
850
851
854
855
856
857
858
860
863
864
866
867
871
872
873
875
882
884
885
889
892
893
895
897
900
901
903
904
906
907
910
911
913
915
916
919
920
922
923
924
925
927
929
931
934
935
936
937
939
945
947
949
951
953
954
958
960
962
964
967
970
971
972
975
977
979
981
984
985
986
987
989
991
994
995
996
999
1002
1005
1008
1011
1013
1014
1016
1018
1020
1022
1023
1024
1028
1029
1031
1032
1035
1036
1037
1039
1041
1044
1048
1049
1050
1051
1052
1054
1056
1057
1061
1062
1065
1067
1070
1073
1078
1079
1080
1085
1086
1089
1091
1092
1095
1096
1097
1101
1103
1105
1107
1108
1111
1116
1118
1119
1120
1123
1125
1126
1128
1129
1130
1131
1133
1134
1137
1138
1140
1141
1142
1145
1146
1147
1149
1150
1151
1152
1154
1156
1157
1158
1160
1161
1163
1164
1165
1167
1168
1169
1171
1172
1174
1175
1177
1180
1181
1184
1186
1187
1189
1190
1193
1194
1196
1199
1200
1202
1203
1204
1205
1208
1209
1211
1212
1213
1216
1218
1219
1221
1222
1223
1226
1228
1231
1232
1234
1235
1236
1238
1239
1242
1243
1246
1247
1248
1250
1254
1256
1258
1259
1262
1263
1264
1265
1266
1267
1268
1270
1274
1275
1277
1279
1283
1285
1287
1289
1291
1292
1296
1297
1298
1300
1304
1305
1306
1308
1310
1311
1312
1314
1317
1318
1319
1320
1321
1323
1325
1327
1329
1330
1331
1334
1336
1338
1342
1343
1345
1346
1347
1349
1352
1353
1354
1355
1357
1359
1360
1362
1366
1368
1369
1370
1372
1374
1376
1377
1378
1381
1383
1388
1389
1391
1394
1395
1397
1398
1399
1401
1403
1404
1405
1408
1409
1410
1411
1413
1414
1415
1417
1418
1419
1421
1422
1424
1427
1429
1431
1432
1434
1436
1439
1442
1443
1445
1448
1449
1450
1452
1453
1454
1455
1459
1460
1461
1463
1465
1468
1470
1472
1474
1476
1480
1482
1484
1485
1488
1489
1490
1492
1493
1494
1495
1501
1503
1505
1506
1508
1510
1512
1514
1516
1517
1519
1521
1523
1526
1527
1528
1529
1531
1533
1535
1538
1540
1541
1543
1544
1546
1547
1552
1553
1558
1561
1563
1565
1566
1569
1570
1572
1573
1576
1577
1580
1582
1585
1586
1587
1590
1591
1592
1594
1595
1596
1597
1601
1602
1603
1604
1605
1607
1608
1609
1610
1611
1612
1613
1614
1615
1616
1617
1618
1622
1627
1628
1630
1631
1635
1636
1637
1638
1640
1641
1642
1644
1645
1646
1647
1649
1651
1654
1657
1658
1662
1663
1664
1665
1667
1670
1671
1672
1673
1674
1675
1677
1678
1681
1684
1685
1688
1689
1690
1691
1695
1696
1698
1699
1700
1702
1704
1706
1708
1710
1712
1714
1715
1716
1718
1719
1721
1723
1724
1725
1727
1730
1731
1732
1735
1736
1739
1740
1741
1744
1745
1746
1747
1748
1749
1750
1751
1754
1755
1757
1758
1759
1760
1764
1765
1767
1768
1769
1771
1772
1777
1778
1779
1780
1781
1783
1785
1786
1790
1793
1794
1796
1798
1801
1802
1803
1805
1806
1807
1808
1810
1811
1812
1816
1821
1823
1824
1826
1828
1830
1832
1833
1835
1837
1840
1841
1843
1845
1846
1849
1850
1851
1855
1856
1858
1859
1862
1863
1864
1865
1866
1868
1869
1870
1872
1875
1876
1877
1878
1880
1881
1883
1886
1888
1889
1890
1891
1892
1897
1898
1900
1902
1903
1905
1906
1908
1909
1910
1912
1915
1916
1917
1918
1919
1920
1922
1923
1925
1926
1928
1930
1932
1933
1934
1936
1937
1940
1943
1944
1946
1948
1951
1954
1956
1957
1958
1959
1960
1961
1963
1964
1966
1967
1968
1970
1971
1972
1976
1977
1978
1980
1981
1984
1989
1990
1993
1994
1997
1999
2000
2001
2004
2005
2007
2009
2011
2012
2013
2014
2016
2018
2020
2021
2023
2025
2029
2031
2034
2036
2037
2038
2040
2042
2043
2044
2047
2049
2051
2052
2053
2056
2057
2059
2061
2062
2067
2068
2071
2072
2073
2074
2075
2077
2079
2081
2082
2083
2086
2087
2088
2090
2091
2093
2095
2096
2100
2102
2103
2105
2106
2107
2109
2110
2112
2113
2114
2116
2117
2119
2121
2124
2125
2127
2129
2131
2133
2135
2136
2138
2141
2142
2145
2146
2147
2150
2151
2152
2155
2157
2161
2162
2164
2165
2167
2170
2172
2173
2175
2177
2179
2180
2181
2184
2186
2188
2189
2190
2191
2192
2193
2194
2195
2198
2200
2202
2204
2206
2207
2209
2211
2212
2213
2215
2216
2218
2219
2220
2221
2223
2225
2226
2227
2229
2230
2232
2234
2236
2238
2239
2240
2241
2243
2246
2249
2251
2253
2255
2256
2258
2259
2260
2261
2264
2265
2266
2267
2269
2271
2272
2274
2276
2279
2280
2281
2282
2284
2285
2287
2288
2291
2292
2294
2295
2297
2299
2300
2303
2304
2306
2307
2310
2312
2314
2315
2316
2318
2319
2320
2322
2323
2324
2325
2326
2330
2331
2332
2333
2335
2338
2339
2340
2342
2343
2345
2347
2350
2352
2355
2357
2359
2362
2363
2368
2372
2373
2374
2375
2376
2377
2378
2380
2382
2383
2386
2390
2392
2393
2394
2396
2397
2399
2400
2401
2402
2404
2405
2408
2412
2414
2415
2418
2419
2421
2422
2423
2426
2427
2428
2431
2432
2433
2434
2435
2436
2437
2439
2442
2443
2445
2448
2450
2452
2453
2454
2456
2458
2460
2461
2463
2464
2465
2467
2469
2470
2471
2472
2476
2477
2479
2480
2481
2483
2485
2488
2490
2493
2494
2496
2497
2499
2502
2503
2504
2505
2507
2508
2509
2510
2511
2513
2515
2517
2518
2520
2521
2522
2525
2529
2530
2531
2532
2534
2536
2538
2540
2541
2543
2544
2546
2548
2550
2551
2555
2556
2557
2558
2559
2560
2563
2565
2568
2569
2570
2572
2574
2576
2579
2580
2581
2582
2585
2587
2588
2590
2592
2593
2594
2597
2599
2600
2602
2603
2604
2606
2608
2609
2615
2617
2619
2620
2621
2623
2624
2627
2628
2629
2633
2634
2638
2639
2640
2641
2642
2643
2644
2645
2647
2649
2651
2653
2654
2656
2657
2658
2660
2661
2662
2663
2665
2666
2667
2669
2670
2672
2673
2674
2675
2678
2681
2682
2683
2685
2687
2689
2692
2693
2694
2695
2697
2698
2699
2702
2704
2705
2707
2708
2709
2712
2713
2714
2716
2717
2719
2720
2722
2723
2725
2727
2728
2729
2731
2732
2733
2735
2737
2739
2740
2744
2746
2747
2750
2751
2752
2753
2755
2756
2757
2759
2760
2762
2764
2766
2768
2769
2772
2775
2776
2778
2779
2781
2784
2787
2789
2791
2794
2796
2798
2800
2803
2804
2805
2807
2809
2812
2813
2815
2816
2817
2819
2821
2823
2825
2828
2829
2830
2831
2832
2833
2834
2835
2837
2839
2840
2842
2843
2844
2845
2848
2849
2850
2851
2854
2855
2856
2857
2858
2860
2861
2863
2864
2867
2870
2873
2874
2877
2881
2882
2883
2884
2885
2890
2895
2896
2897
2898
2899
2900
2901
2902
2903
2904
2905
2906
2907
2908
2909
2910
2911
2913
2914
2917
2918
2921
2922
2924
2925
2926
2928
2930
2934
2935
2937
2938
2939
2940
2941
2943
2948
2949
2950
2953
2954
2955
2956
2958
2959
2960
2962
2963
2964
2965
2966
2968
2970
2971
2972
2978
2982
2984
2985
2987
2990
2992
2994
2996
2998
3000
3002
3004
3005
3006
3007
3009
3012
3013
3015
3016
3018
3019
3021
3022
3025
3026
3029
3030
3031
3034
3036
3038
3039
3043
3045
3047
3048
3051
3052
3053
3054
3055
3057
3060
3062
3063
3064
3066
3070
3071
3072
3074
3076
3079
3081
3083
3085
3087
3088
3089
3092
3095
3097
3099
3101
3102
3103
3104
3105
3106
3110
3111
3112
3115
3116
3117
3118
3119
3121
3122
3123
3125
3126
3127
3128
3129
3130
3131
3135
3137
3138
3139
3142
3144
3146
3147
3151
3152
3153
3154
3158
3159
3160
3161
3162
3163
3164
3166
3168
3169
3170
3172
3175
3176
3178
3179
3180
3181
3185
3186
3187
3190
3191
3192
3194
3196
3197
3198
3199
3200
3203
3204
3205
3207
3209
3210
3211
3212
3213
3214
3215
3217
3220
3221
3222
3223
3226
3228
3230
3231
3233
3235
3236
3237
3239
3241
3242
3244
3246
3248
3249
3251
3252
3254
3256
3257
3260
3261
3262
3264
3269
3271
3274
3278
3279
3280
3281
3282
3283
3284
3285
3286
3287
3288
3289
3290
3291
3292
3293
3294
3295
3296
3297
3298
3299
3300
3301
3302
3303
3304
3305
3306
3307
3308
3309
3310
3311
3312
3313
3314
3315
3316
3317
3318
3319
3320
3321
3322
3323
3324
3325
3326