1
3
6
7
10
12
14
17
19
22
24
27
29
31
33
35
37
40
41
44
46
48
51
53
56
58
61
63
65
67
71
72
74
76
78
80
83
85
88
90
92
94
96
99
101
104
106
108
110
113
115
118
120
122
124
126
129
132
134
137
139
141
143
145
147
150
152
155
157
159
161
163
166
168
170
172
174
176
178
180
182
184
186
190
192
195
198
201
204
206
208
210
212
215
217
219
221
223
225
227
229
231
233
235
237
239
241
244
246
249
251
253
255
257
259
261
263
265
267
269
273
275
278
281
284
287
289
291
294
296
298
300
302
304
306
308
309
311
313
315
317
319
321
323
325
327
329
331
333
335
337
339
341
344
346
348
350
352
354
356
358
361
363
365
367
369
371
373
375
377
379
381
383
385
387
389
391
393
395
397
399
401
403
405
407
409
411
413
415
417
419
421
423
425
427
429
431
433
435
437
439
441
443
445
447
449
451
453
455
457
461
463
465
467
469
471
473
475
477
479
482
485
487
489
491
493
495
497
499
501
503
505
507
509
511
513
515
518
520
522
524
526
528
530
532
534
536
538
540
542
544
547
549
552
554
556
558
560
562
564
566
568
570
572
574
576
578
580
582
584
586
588
590
592
594
596
598
600
602
604
606
608
610
612
614
616
618
620
622
624
626
628
630
632
634
636
639
641
643
645
647
649
651
653
655
657
659
661
663
665
667
669
671
673
675
677
680
682
684
686
688
690
693
695
697
699
701
703
705
707
710
714
716
718
720
722
724
726
728
730
732
734
736
738
740
744
746
748
750
752
754
756
758
760
762
764
766
768
770
774
776
778
780
782
784
786
788
790
792
795
797
799
801
803
805
807
809
811
813
815
817
819
821
824
827
830
832
834
836
838
842
844
846
850
852
854
855
857
859
861
863
865
867
869
871
873
875
877
879
881
883
885
887
889
891
893
895
897
899
901
903
905
907
910
912
914
916
918
920
922
924
927
929
932
934
936
938
940
942
944
947
949
952
954
956
958
960
962
964
966
968
970
972
974
976
978
980
982
984
986
988
990
992
995
997
998
1000
1003
1004
1006
1009
1010
1012
1015
1017
1018
1020
1022
1024
1026
1027
1029
1031
1032
1035
1037
1039
1041
1043
1045
1047
1049
1051
1053
1055
1057
1059
1061
1063
1065
1067
1070
1072
1074
1076
1079
1081
1083
1085
1088
1090
1092
1094
1096
1098
1100
1102
1104
1106
1108
1110
1112
1114
1116
1118
1120
1122
1124
1127
1129
1131
1133
1135
1138
1140
1142
1144
1146
1148
1150
1152
1154
1156
1158
1160
1162
1164
1166
1168
1170
1172
1174
1176
1178
1180
1182
1184
1186
1188
1189
1191
1194
1195
1199
1201
1203
1205
1207
1209
1211
1212
1214
1216
1218
1220
1222
1224
1226
1228
1230
1232
1234
1235
1237
1239
1241
1243
1245
1247
1249
1251
1253
1255
1258
1261
1263
1265
1266
1268
1270
1272
1274
1276
1278
1280
1282
1284
1286
1288
1290
1292
1294
1296
1298
1300
1302
1304
1306
1308
1310
1312
1314
1316
1318
1320
1322
1324
1326
1328
1330
1332
1334
1336
1338
1340
1342
1344
1346
1349
1351
1353
1355
1357
1359
1361
1363
1365
1367
1369
1371
1374
1376
1378
1380
1382
1384
1386
1388
1390
1392
1394
1396
1398
1400
1402
1404
1406
1408
1410
1412
1414
1416
1418
1420
1422
1424
1426
1428
1430
1432
1434
1436
1438
1440
1442
1444
1445
1447
1449
1451
1453
1455
1457
1459
1462
1464
1466
1468
1470
1472
1476
1478
1480
1482
1483
1485
1487
1489
1491
1493
1495
1497
1499
1501
1503
1505
1507
1509
1511
1513
1515
1518
1522
1524
1526
1528
1530
1532
1534
1536
1538
1540
1542
1545
1547
1549
1551
1553
1555
1557
1559
1561
1563
1565
1567
1569
1571
1573
1575
1577
1579
1581
1583
1585
1587
1589
1591
1593
1595
1597
1599
1602
1604
1606
1608
1610
1612
1614
1616
1619
1622
1624
1627
1630
1633
1637
1640
1643
1645
1647
1649
1651
1653
1655
1657
1659
1661
1663
1665
1667
1670
1672
1675
1678
1681
1683
1686
1688
1690
1692
1694
1697
1700
1702
1705
1707
1709
1711
1713
1716
1718
1720
1722
1724
1726
1728
1730
1732
1733
1735
1738
1742
1744
1746
1748
1750
1752
1754
1756
1758
1760
1762
1764
1766
1768
1770
1772
1774
1776
1779
1781
1783
1785
1787
1789
1791
1793
1795
1797
1799
1801
1804
1806
1808
1810
1812
1814
1816
1818
1820
1822
1824
1826
1828
1830
1832
1833
1835
1837
1839
1841
1843
1845
1847
1849
1851
1853
1855
1857
1859
1861
1863
1865
1867
1869
1871
1873
1875
1877
1879
1881
1883
1885
1887
1889
1891
1893
1896
1898
1901
1904
1906
1908
1910
1912
1914
1916
1917
1919
1921
1923
1925
1927
1929
1931
1933
1935
1937
1939
1941
1943
1945
1947
1949
1951
1953
1955
1958
1960
1962
1964
1966
1968
1970
1972
1974
1976
1978
1980
1981
1983
1985
1987
1989
1991
1993
1995
1998
2000
2002
2004
2006
2008
2010
2012
2014
2016
2018
2020
2022
2024
2026
2028
2030
2032
2034
2036
2038
2040
2042
2044
2046
2048
2050
2052
2054
2056
2058
2060
2062
2064
2066
2068
2070
2072
2074
2076
2078
2080
2082
2084
2086
2088
2090
2092
2094
2096
2098
2100
2103
2105
2107
2109
2111
2113
2115
2118
2120
2122
2124
2126
2128
2130
2132
2134
2136
2138
2141
2143
2146
2148
2150
2152
2154
2156
2158
2160
2162
2163
2166
2168
2170
2172
2174
2176
2179
2181
2183
2185
2187
2189
2191
2193
2195
2197
2199
2201
2203
2205
2207
2209
2211
2213
2215
2217
2219
2221
2223
2226
2228
2230
2232
2234
2236
2238
2240
2242
2245
2247
2249
2251
2253
2255
2257
2259
2261
2263
2265
2267
2269
2272
2274
2276
2279
2281
2284
2287
2289
2292
2295
2297
2299
2301
2304
2306
2308
2311
2313
2316
2318
2320
2322
2324
2326
2328
2330
2332
2334
2336
2338
2340
2342
2344
2346
2348
2350
2352
2354
2357
2359
2361
2363
2365
2367
2370
2372
2374
2376
2378
2380
2382
2384
2386
2388
2390
2392
2394
2396
2398
2400
2402
2404
2406
2409
2411
2413
2415
2416
2418
2420
2422
2424
2426
2429
2431
2433
2435
2437
2439
2441
2445
2447
2449
2451
2453
2455
2457
2459
2461
2463
2465
2467
2469
2471
2473
2476
2478
2480
2482
2484
2486
2488
2490
2492
2494
2496
2498
2500
2502
2504
2506
2508
2511
2514
2516
2518
2520
2522
2524
2526
2528
2530
2532
2534
2536
2538
2540
2542
2544
2546
2548
2549
2551
2553
2557
2559
2561
2563
2565
2567
2569
2571
2573
2575
2578
2580
2582
2584
2586
2590
2592
2595
2597
2599
2601
2603
2605
2607
2609
2611
2613
2615
2617
2619
2621
2623
2626
2628
2630
2632
2634
2636
2638
2641
2643
2645
2647
2649
2651
2653
2655
2657
2659
2661
2664
2666
2668
2670
2672
2674
2676
2678
2680
2682
2684
2686
2688
2690
2692
2694
2696
2698
2700
2702
2704
2706
2708
2710
2712
2713
2715
2717
2719
2721
2723
2725
2727
2729
2731
2734
2736
2737
2739
2741
2743
2745
2747
2749
2751
2753
2755
2758
2760
2762
2764
2766
2768
2770
2772
2774
2776
2778
2780
2782
2784
2786
2788
2790
2792
2794
2796
2798
2800
2803
2805
2808
2812
2815
2817
2819
2821
2823
2827
2829
2831
2833
2835
2838
2840
2843
2845
2847
2849
2851
2853
2855
2857
2859
2861
2863
2866
2868
2870
2872
2874
2876
2877
2879
2882
2887
2889
2891
2893
2895
2897
2899
2901
2903
2905
2908
2910
2912
2914
2916
2918
2920
2923
2926
2928
2930
2932
2934
2936
2938
2941
2943
2945
2947
2949
2951
2953
2956
2958
2960
2962
2964
2967
2969
2972
2974
2976
2978
2980
2982
2984
2986
2988
2990
2992
2994
2996
2998
3001
3003
3005
3008
3010
3012
3014
3017
3019
3024
3026
3028
3030
3032
3034
3036
3038
3041
3043
3045
3048
3052
3055
3057
3059
3061
3063
3065
3067
3069
3071
3072
3074
3076
3078
3081
3083
3085
3087
3091
3094
3096
3098
3100
3102
3104
3106
3108
3110
3112
3114
3116
3119
3121
3123
3125
3127
3129
3131
3133
3135
3137
3139
3141
3144
3146
3148
3151
3153
3155
3157
3159
3161
3163
3165
3167
3169
3171
3173
3175
3177
3179
3182
3184
3186
3188
3190
3192
3194
3197
3199
3202
3204
3206
3208
3210
3212
3214
3217
3220
3222
3224
3226
3228
3230
3232
3234
3237
3239
3241
3243
3245
3247
3249
3252
3254
3256
3258
3260
3262
3265
3268
3269
3271
3275
3278
3280
3282
3284
3286
3289
3292
3293
3295
3297
3301
3304
3306
3308
3310
3312
3314
3316
3319
3321
3324
3327
3329
3331
3333
3335
3337
3339
3343
3345
3348
3350
3353
3356
3359
3361
3363
3365
3367
3369
3372
3376
3378
3380
3382
3384
3386
3388
3390
3393
3395
3398
3400
3403
3405
3407
3409
3411
3413
3415
3418
3420
3422
3423
3426
3428
3430
3433
3435
3437
3439
3441
3443
3445
3447
3450
3452
3454
3456
3458
3460
3462
3464
3467
3470
3473
3475
3477
3479
3481
3484
3486
3488
3490
3492
3494
3496
3498
3500
3502
3504
3506
3509
3511
3514
3516
3518
3522
3525
3527
3528
3530
3532
3534
3536
3538
3540
3542
3544
3546
3548
3550
3552
3554
3556
3558
3560
3562
3564
3566
3568
3570
3572
3574
3577
3580
3582
3586
3588
3590
3592
3594
3596
3599
3602
3604
3605
3606
3609
3611
3615
3617
3619
3623
3625
3628
3630
3631
3633
3635
3638
3640
3642
3645
3647
3649
3652
3654
3656
3658
3660
3662
3664
3666
3668
3670
3672
3674
3675
3677
3679
3682
3684
3686
3688
3691
3693
3695
3698
3700
3702
3705
3707
3709
3711
3713
3715
3718
3720
3722
3725
3727
3729
3731
3733
3735
3737
3739
3741
3743
3744
3746
3748
3749
3751
3753
3757
3759
3761
3763
3765
3767
3769
3771
3773
3776
3778
3781
3783
3785
3788
3790
3792
3796
3798
3800
3802
3804
3806
3807
3809
3810
3812
3814
3816
3818
3820
3822
3824
3826
3828
3831
3833
3836
3839
3841
3842
3845
3847
3849
3852
3854
3856
3858
3860
3862
3864
3867
3869
3871
3874
3876
3882
3886
3889
3891
3892
3894
3896
3901
3903
3905
3907
3909
3911
3913
3915
3917
3918
3920
3922
3924
3926
3927
3929
3931
3933
3936
3938
3941
3943
3945
3947
3949
3951
3954
3955
3957
3960
3962
3964
3967
3970
3972
3974
3977
3979
3981
3983
3984
3987
3989
3991
3993
3995
3997
4000
4003
4005
4007
4010
4013
4015
4017
4019
4022
4025
4029
4036
4038
4040
4043
4045
4047
4050
4053
4055
4057
4059
4061
4063
4064
4066
4068
4071
4076
4078
4081
4083
4085
4087
4089
4091
4093
4095
4098
4102
4105
4107
4110
4111
4114
4117
4119
4122
4124
4126
4127
4128
4130
4132
4135
4137
4140
4142
4144
4146
4148
4150
4152
4155
4157
4159
4161
4163
4166
4168
4170
4172
4174
4176
4179
4181
4183
4186
4188
4192
4193
4195
4197
4199
4201
4202
4204
4206
4207
4211
4213
4215
4219
4221
4225
4227
4230
4232
4234
4236
4239
4242
4244
4245
4247
4248
4250
4252
4254
4256
4258
4263
4266
4268
4270
4272
4274
4276
4279
4281
4283
4285
4287
4289
4291
4294
4297
4299
4302
4304
4306
4307
4309
4312
4314
4316
4318
4319
4321
4324
4326
4328
4332
4334
4336
4338
4340
4342
4344
4346
4350
4352
4354
4356
4359
4361
4363
4365
4367
4369
4371
4373
4375
4377
4379
4382
4385
4387
4389
4391
4393
4395
4397
4399
4401
4403
4405
4407
4409
4411
4412
4414
4416
4418
4420
4422
4424
4426
4428
4430
4432
4434
4436
4438
4440
4443
4446
4450
4452
4457
4460
4462
4464
4466
4468
4470
4471
4474
4476
4478
4480
4482
4484
4487
4489
4491
4493
4495
4498
4500
4502
4504
4508
4510
4512
4514
4516
4518
4520
4522
4524
4526
4529
4532
4534
4536
4538
4540
4542
4546
4548
4549
4552
4554
4557
4560
4562
4564
4566
4568
4571
4573
4574
4576
4580
4582
4584
4586
4589
4592
4594
4596
4599
4602
4604
4606
4608
4610
4613
4615
4617
4619
4622
4623
4624
4626
4628
4630
4632
4634
4636
4638
4640
4642
4644
4646
4647
4649
4651
4653
4655
4657
4658
4661
4662
4664
4666
4668
4670
4671
4673
4675
4678
4681
4683
4688
4690
4692
4694
4695
4697
4699
4703
4705
4707
4709
4712
4714
4716
4718
4721
4723
4725
4728
4730
4732
4733
4735
4737
4739
4740
4742
4744
4746
4748
4750
4752
4754
4756
4758
4759
4762
4764
4766
4768
4770
4772
4774
4776
4779
4781
4783
4785
4787
4789
4791
4793
4795
4797
4800
4802
4804
4806
4808
4810
4812
4814
4816
4818
4820
4822
4824
4826
4828
4829
4831
4833
4835
4836
4838
4840
4843
4845
4847
4849
4851
4853
4855
4857
4859
4862
4865
4868
4870
4873
4875
4877
4879
4881
4883
4885
4887
4889
4891
4893
4895
4897
4899
4901
4903
4905
4907
4909
4911
4913
4915
4917
4919
4921
4923
4929
4932
4934
4936
4938
4940
4942
4945
4948
4950
4952
4954
4956
4958
4960
4962
4964
4966
4968
4970
4972
4974
4976
4978
4984
4986
4988
4990
4992
4993
4995
4997
4999
5001
5003
5005
5007
5009
5011
5013
5015
5023
5026
5028
5030
5033