10
17
19
21
23
26
29
32
34
35
36
37
38
41
56
57
81
86
88
92
93
94
116
120
123
125
126
138
141
142
143
148
151
155
156
157
159
160
162
163
167
172
178
180
181
183
184
185
195
199
203
206
210
211
212
213
215
217
218
219
223
229
232
235
237
239
243
247
248
250
252
253
254
261
263
264
265
267
268
277
278
280
290
292
296
299
300
302
303
306
307
308
309
311
313
314
315
316
319
324
329
330
339
342
343
344
345
346
349
356
359
360
363
369
372
373
378
382
386
387
389
392
395
396
397
398
400
404
405
406
409
410
412
414
419
420
423
425
427
428
431
432
433
434
439
440
442
443
444
449
450
451
454
455
456
457
458
460
461
463
469
471
478
487
493
494
499
500
510
514
518
519
520
521
522
523
528
530
531
533
541
544
547
548
551
553
554
558
561
563
564
565
566
567
570
571
575
580
581
583
585
587
588
590
591
592
595
597
599
600
601
604
606
609
610
612
614
616
620
621
623
626
628
633
636
638
639
640
641
645
647
648
649
655
659
660
661
664
665
667
671
673
676
678
679
682
683
687
689
691
692
694
695
699
704
705
706
712
714
720
721
722
723
725
727
731
733
734
735
736
739
740
741
742
743
748
749
750
753
754
755
756
759
761
764
765
768
769
775
776
777
779
780
781
783
785
787
788
789
791
793
797
798
803
806
807
808
811
814
818
819
820
821
823
824
825
826
832
839
840
842
847
850
851
852
853
856
859
860
861
862
863
864
866
867
869
870
873
874
877
879
880
883
884
886
888
890
892
893
895
896
898
899
900
901
904
907
909
910
913
915
916
918
920
925
926
927
928
932
933
935
938
939
940
941
942
943
946
947
950
954
957
959
960
962
964
966
967
969
970
971
972
973
974
979
981
983
985
987
989
994
996
997
1001
1002
1003
1004
1006
1008
1011
1013
1014
1016
1018
1021
1024
1025
1027
1032
1033
1035
1036
1037
1040
1043
1044
1045
1046
1048
1049
1053
1054
1055
1059
1060
1063
1064
1065
1067
1069
1070
1071
1076
1078
1079
1080
1081
1083
1086
1091
1095
1097
1099
1100
1101
1102
1103
1107
1109
1113
1115
1118
1120
1121
1124
1125
1126
1127
1128
1130
1131
1133
1136
1138
1139
1140
1141
1143
1144
1147
1148
1149
1150
1153
1157
1158
1159
1160
1164
1165
1166
1167
1169
1170
1172
1173
1175
1176
1178
1179
1182
1186
1189
1192
1193
1194
1197
1198
1201
1202
1203
1204
1205
1206
1212
1214
1219
1220
1221
1222
1223
1224
1226
1230
1233
1234
1236
1237
1239
1240
1242
1243
1246
1247
1248
1250
1256
1258
1261
1264
1265
1266
1268
1269
1270
1272
1273
1276
1280
1282
1285
1288
1292
1294
1295
1296
1297
1301
1302
1303
1304
1306
1307
1309
1310
1311
1313
1314
1316
1321
1322
1324
1325
1327
1328
1329
1331
1332
1333
1335
1338
1340
1341
1343
1345
1346
1347
1348
1351
1352
1353
1355
1357
1360
1361
1365
1367
1369
1370
1372
1373
1376
1377
1379
1381
1382
1383
1385
1386
1387
1388
1389
1390
1393
1394
1395
1397
1399
1400
1401
1402
1403
1406
1407
1409
1410
1411
1412
1415
1416
1417
1420
1424
1425
1426
1427
1428
1430
1432
1436
1437
1438
1439
1441
1442
1443
1445
1446
1449
1450
1452
1453
1454
1455
1456
1459
1460
1461
1462
1463
1464
1466
1467
1468
1470
1471
1473
1474
1475
1477
1480
1483
1485
1487
1488
1489
1490
1491
1493
1494
1497
1498
1499
1500
1504
1506
1507
1508
1512
1513
1516
1518
1520
1523
1526
1527
1528
1529
1530
1531
1532
1534
1535
1538
1543
1546
1547
1548
1551
1554
1556
1557
1558
1559
1560
1561
1564
1565
1566
1567
1570
1572
1573
1574
1575
1580
1581
1583
1585
1586
1588
1589
1590
1593
1596
1598
1600
1602
1606
1607
1608
1609
1611
1612
1613
1614
1615
1618
1619
1620
1621
1622
1623
1625
1629
1630
1631
1633
1635
1637
1640
1642
1643
1644
1647
1648
1650
1651
1653
1655
1657
1658
1659
1660
1661
1664
1667
1670
1674
1675
1676
1677
1678
1680
1681
1682
1683
1685
1689
1690
1691
1693
1694
1696
1699
1701
1705
1707
1714
1715
1718
1719
1720
1721
1722
1723
1724
1727
1730
1732
1734
1735
1736
1737
1739
1740
1741
1744
1745
1746
1747
1748
1751
1752
1753
1755
1758
1759
1760
1761
1762
1765
1766
1768
1772
1775
1776
1777
1778
1781
1782
1784
1785
1787
1788
1789
1790
1793
1796
1798
1799
1800
1801
1803
1804
1805
1806
1807
1811
1813
1814
1816
1817
1820
1821
1822
1823
1824
1828
1829
1830
1831
1833
1834
1836
1837
1838
1839
1841
1843
1844
1847
1848
1849
1850
1858
1859
1860
1863
1864
1866
1868
1869
1875
1876
1877
1879
1881
1882
1883
1884
1885
1886
1887
1888
1889
1890
1891
1892
1893
1894
1895
1896
1898
1900
1901
1903
1904
1905
1906
1907
1908
1909
1910
1911
1912
1913
1914
1915
1917
1918
1920
1922
1923
1926
1927
1928
1930
1931
1933
1934
1936
1937
1938
1939
1941
1943
1945
1946
1947
1949
1950
1954
1955
1958
1959
1962
1963
1964
1965
1966
1969
1971
1972
1974
1975
1977
1979
1980
1981
1984
1989
1992
1993
1994
1997
1998
1999
2000
2001
2002
2004
2005
2006
2011
2012
2013
2014
2015
2019
2021
2022
2024
2026
2028
2029
2030
2031
2032
2033
2034
2035
2036
2039
2040
2041
2043
2044
2046
2048
2050
2052
2054
2056
2057
2058
2059
2060
2061
2062
2063
2064
2066
2068
2069
2070
2071
2072
2073
2074
2076
2077
2078
2080
2081
2083
2086
2087
2090
2091
2092
2094
2096
2097
2098
2099
2100
2101
2103
2104
2105
2107
2108
2110
2111
2112
2113
2115
2116
2117
2118
2119
2121
2122
2124
2125
2126
2127
2128
2129
2130
2134
2135
2137
2138
2139
2141
2146
2147
2148
2152
2154
2155
2157
2158
2159
2160
2166
2169
2170
2172
2173
2174
2175
2176
2177
2178
2180
2181
2182
2183
2185
2186
2188
2190
2192
2193
2194
2195
2196
2198
2199
2201
2202
2203
2205
2206
2207
2209
2210
2211
2212
2213
2214
2217
2219
2220
2221
2223
2224
2225
2226
2227
2228
2232
2234
2236
2240
2241
2245
2246
2247
2248
2249
2250
2251
2252
2257
2258
2260
2261
2262
2263
2264
2265
2266
2267
2269
2270
2271
2272
2273
2274
2275
2277
2278
2282
2283
2286
2289
2290
2292
2293
2294
2295
2297
2298
2303
2304
2306
2307
2308
2309
2310
2311
2314
2315
2316
2317
2318
2323
2324
2325
2326
2327
2328
2330
2331
2332
2336
2337
2338
2339
2340
2344
2345
2347
2348
2349
2350
2351
2353
2355
2356
2357
2358
2359
2361
2362
2363
2366
2368
2369
2375
2376
2378
2380
2382
2383
2384
2385
2386
2387
2388
2389
2390
2391
2394
2396
2397
2398
2400
2401
2403
2410
2411
2412
2414
2415
2416
2417
2418
2419
2420
2423
2424
2425
2427
2428
2429
2430
2431
2432
2434
2435
2436
2438
2439
2440
2441
2442
2444
2445
2447
2449
2452
2453
2454
2455
2458
2460
2461
2462
2464
2465
2466
2467
2468
2469
2472
2477
2479
2480
2481
2482
2485
2487
2488
2489
2490
2491
2494
2497
2498
2499
2500
2502
2503
2505
2507
2509
2510
2511
2512
2514
2515
2516
2517
2518
2519
2522
2523
2524
2525
2526
2529
2530
2532
2533
2536
2537
2538
2541
2543
2545
2546
2547
2548
2550
2551
2552
2557
2558
2559
2561
2562
2563
2564
2565
2566
2567
2568
2569
2570
2572
2573
2574
2575
2577
2578
2579
2581
2582
2583
2584
2585
2586
2588
2590
2592
2593
2594
2595
2596
2598
2599
2601
2602
2604
2606
2607
2608
2609
2610
2611
2615
2616
2617
2619
2620
2621
2623
2625
2626
2627
2628
2630
2631
2635
2636
2637
2638
2639
2642
2643
2644
2645
2646
2647
2648
2649
2650
2651
2652
2653
2655
2657
2658
2659
2661
2662
2663
2665
2666
2667
2668
2669
2670
2671
2672
2675
2676
2677
2680
2682
2685
2686
2687
2691
2692
2693
2695
2696
2697
2698
2699
2700
2702
2703
2704
2706