8
16
18
22
25
38
44
57
61
68
74
83
91
106
119
140
144
146
171
180
191
197
206
219
220
224
243
255
256
260
261
264
286
307
318
328
339
343
345
361
367
368
369
370
371
372
376
377
384
392
394
396
405
434
438
444
446
447
450
480
505
509
511
537
538
566
574
581
583
586
590
600
606
609
616
650
652
655
672
686
689
701
710
731
756
757
780
784
790
796
797
828
836
837
842
846
847
849
854
890
891
899
904
929
932
940
944
950
952
969
977
980
