4
5
11
23
25
33
36
52
64
70
73
83
117
121
134
141
143
161
165
169
180
188
196
226
229
233
236
256
258
265
278
293
302
306
312
324
329
332
351
355
356
361
372
373
378
383
391
394
401
402
434
437
438
439
441
450
461
464
468
470
482
484
485
487
492
494
525
536
541
550
553
567
577
589
610
615
629
635
648
653
654
665
666
667
680
684
686
691
694
723
727
744
754
763
785
788
791
793
794
796
816
834
870
873
876
877
881
883
886
887
888
893
901
921
923
929
931
940
944
950
968
972
978
1001
1003
1013
1018
1027
1029
1030
1033
1036
1039
1041
1043
1044
1053
1056
1064
1070
1081
1088
1097
1102
1114
1116
1123
1161
1176
1180
1209
1219
1224
1226
1232
1235
1238
1239
1241
1245
1249
1262
1268
1273
1274
1285
1289
1294
1296
1300
1309
1315
1327
1332
1351
1356
1359
1361
1371
1375
1406
1416
1455
1461
1462
1487
1514
1521
1524
1526
1554
1555
1557
1566
1572
1588
1604
1606
1622
1627
1628
1635
1643
1694
1703
1712
1718
1771
1777
1790
1791
1792
1793
1810
1822
1834
1835
1837
1845
1857
1863
1869
1883
1899
1907
1908
1909
1910
1912
1922
1933
1948
1950
1951
1968
1970
1973
1976
2015
2022
2028
2035
2036
2064
2073
2085
2092
2103
2135
2146
2160
2161
2166
2169
2175
2187
2192
2207
2221
2228
2242
2243
2244
2248
2253
2264
2292
2293
2298
2314
2317
2345
2349
2354
2363
2379
2392
2395
2397
2403
2404
2413
2427
2431
2432
2436
2438
2442
2444
2466
2480
2492
2499
2501
2504
2539
2556
2574
2602
2610
2643
2645
2647
2651
2658
2663
2665
2667
2670
2671
2704
2706
2707
2729
2780
2797
2798
2806
2808
2820
2824
2836
2850
2853
2862
2867
2874
2881
2883
2887
2895
2907
2917
2920
2960
2995
2997
3008
3021
3023
3031
3033
3061
3062
3082
3084
3115
3122
3130
3139
3154
3155
3157
3161
3198
3217
3220
3222
3244
3259
3265
3271
3287
3298
3307
3317
3340
3342
3344
3348
3371
3388
3423
3436
3443
3445
3454
3462
3474
3510
3515
3519
3524
3542
3554
3559
3564
3615
3625
3628
3666
3672
3675
3692
3693
3697
3700
3706
3741
3751
3760
3769
3772
3779
3784
3794
3801
3804
3820
3827
3847
3851
3853
3879
3880
3886
3887
3892
3916
3927
3938
3950
3958
3974
3982
3997
4015
4037
4047
4053
4061
4081
4091
4093
4104
4112
4141
4147
4154
4160
4173
4181
4182
4186
4189
4196
4197
4199
4233
4255
4282
4293
4311
4323
4349
4354
4356
4361
4373
4398
4403
4411
4464
4475
4480
4481
4484
4498
4507
4518
4526
4529
4543
4544
4549
4553
4563
4622
4638
4639
4644
4659
4660
4664
4688
4704
4725
4752
4766
4785
4786
4793
4794
4803
4808
4811
4819
4827
4875
4877
4893
4900
4908
4909
4919
4921
4963
4971
4976
