0
1
3
4
5
7
11
12
13
15
17
19
21
23
24
26
28
33
35
36
37
40
41
42
43
45
47
49
53
55
57
58
59
60
65
67
68
69
70
71
72
75
77
79
83
84
85
86
88
91
94
96
97
98
99
100
102
104
105
106
109
110
111
115
116
117
119
120
124
125
128
131
132
133
136
138
140
142
144
145
148
149
151
153
157
160
161
165
169
170
171
172
174
176
179
180
182
186
187
191
193
194
196
200
205
206
209
210
212
214
216
217
218
219
221
222
223
226
227
229
231
234
235
238
240
241
242
244
248
250
251
254
257
259
260
262
265
266
275
276
277
278
281
282
286
288
289
290
291
293
294
296
300
302
306
308
310
311
312
313
315
317
319
321
322
324
327
329
330
331
332
335
336
339
342
343
345
347
351
352
354
355
356
358
361
364
365
368
369
372
374
376
377
378
379
380
381
385
386
389
393
395
396
397
399
403
405
407
408
409
413
416
419
420
422
425
426
429
430
432
433
435
436
437
440
443
444
446
449
452
453
454
455
458
459
465
467
468
471
473
475
476
479
480
485
487
488
490
491
492
495
499
500
501
505
508
509
511
513
514
517
518
520
522
525
527
528
529
530
531
535
539
541
543
545
546
547
548
551
554
555
556
557
558
560
564
566
567
568
571
572
579
581
583
585
587
589
592
593
595
596
597
601
602
604
606
608
609
613
614
615
617
618
620
622
626
629
630
631
635
636
639
642
643
645
647
648
650
652
653
655
656
658
661
664
665
666
669
670
672
673
675
677
678
680
682
683
685
686
687
691
693
694
696
698
701
704
706
707
708
709
712
714
715
718
719
720
722
723
725
726
727
729
731
736
738
740
742
744
747
749
750
753
758
759
760
762
765
766
770
771
774
775
776
778
780
782
785
789
791
793
796
797
798
799
800
801
804
806
807
808
809
814
817
818
821
825
829
830
832
835
839
840
841
843
844
846
847
849
852
855
856
858
862
864
865
866
867
869
870
871
872
875
876
880
883
884
886
888
893
895
898
901
903
904
907
909
910
914
915
916
919
920
923
925
927
929
930
933
937
940
941
942
943
945
946
947
948
949
953
954
956
961
963
964
967
968
970
971
972
973
974
976
977
979
981
985
986
987
989
991
993
994
995
996
999
1001
1002
1003
1007
1009
1010
1012
1013
1015
1017
1021
1025
1027
1029
1032
1035
1038
1041
1042
1043
1045
1046
1047
1049
1050
1054
1055
1056
1058
1059
1063
1064
1066
1067
1071
1072
1074
1075
1076
1083
1085
1089
1090
1093
1094
1095
1097
1101
1102
1105
1109
1110
1113
1114
1116
1117
1118
1120
1122
1124
1125
1129
1131
1132
1135
1138
1141
1143
1144
1145
1146
1149
1153
1154
1157
1158
1159
1160
1161
1162
1164
1167
1169
1172
1174
1176
1177
1180
1183
1184
1186
1187
1189
1191
1195
1196
1197
1198
1199
1200
1202
1204
1205
1207
1209
1210
1211
1213
1214
1215
1216
1221
1222
1224
1226
1229
1231
1233
1234
1239
1245
1246
1249
1250
1255
1256
1257
1258
1259
1261
1262
1263
1265
1266
1268
1270
1272
1274
1276
1277
1279
1281
1282
1286
1287
1290
1293
1300
1301
1303
1309
1311
1313
1315
1316
1318
1320
1321
1322
1323
1324
1325
1326
1327
1328
1332
1334
1335
1337
1338
1340
1342
1343
1344
1350
1351
1353
1356
1358
1361
1363
1366
1368
1370
1372
1374
1375
1377
1378
1382
1385
1386
1391
1392
1393
1395
1397
1402
1404
1407
1411
1413
1414
1416
1418
1419
1420
1421
1422
1424
1425
1426
1429
1432
1435
1437
1439
1440
1442
1443
1445
1451
1453
1454
1456
1458
1460
1462
1463
1465
1466
1471
1472
1474
1479
1481
1482
1483
1484
1486
1488
1494
1495
1497
1500
1501
1503
1504
1505
1506
1508
1509
1513
1515
1518
1519
1520
1521
1523
1526
1527
1528
1530
1533
1534
1537
1539
1540
1543
1546
1548
1550
1551
1554
1555
1557
1559
1563
1564
1565
1567
1568
1571
1572
1575
1578
1579
1582
1585
1587
1588
1589
1590
1591
1593
1595
1598
1599
1602
1603
1605
1608
1611
1613
1615
1617
1619
1620
1622
1625
1628
1629
1631
1634
1635
1636
1638
1639
1640
1642
1644
1646
1647
1648
1651
1652
1654
1656
1657
1658
1662
1663
1667
1668
1671
1672
1675
1678
1679
1681
1684
1685
1687
1688
1691
1692
1693
1695
1697
1700
1701
1702
1703
1704
1708
1712
1713
1717
1719
1720
1722
1726
1727
1728
1733
1734
1739
1742
1745
1746
1748
1750
1753
1756
1757
1760
1763
1764
1766
1767
1768
1769
1771
1772
1773
1774
1776
1779
1780
1781
1785
1787
1789
1793
1795
1797
1798
1799
1800
1803
1806
1809
1811
1816
1817
1818
1819
1824
1825
1828
1829
1831
1838
1839
1840
1842
1843
1844
1847
1848
1850
1855
1857
1858
1859
1860
1862
1863
1867
1869
1870
1873
1874
1876
1878
1879
1880
1885
1887
1889
1891
1894
1896
1897
1899
1902
1903
1904
1907
1908
1909
1910
1912
1914
1917
1922
1924
1927
1929
1930
1932
1934
1937
1938
1940
1941
1942
1945
1948
1949
1951
1952
1954
1958
1960
1963
1965
1972
1974
1975
1976
1978
1981
1982
1983
1985
1987
1990
1991
1992
1994
1996
1997
2000
2002
2004
2005
2006
2010
2011
2013
2015
2017
2020
2021
2022
2025
2026
2027
2029
2030
2031
2036
2040
2043
2044
2047
2048
2050
2052
2054
2055
2059
2061
2066
2067
2072
2073
2074
2077
2080
2081
2082
2083
2084
2085
2088
2089
2091
2092
2095
2096
2101
2103
2106
2107
2110
2111
2113
2115
2116
2120
2121
2126
2127
2131
2134
2136
2137
2138
2139
2140
2141
2142
2145
2146
2148
2149
2151
2152
2153
2154
2155
2157
2158
2159
2163
2166
2167
2169
2170
2173
2177
2179
2180
2182
2185
2188
2189
2192
2193
2196
2198
2200
2201
2204
2206
2207
2209
2211
2212
2214
2217
2218
2220
2223
2227
2229
2230
2232
2233
2234
2238
2241
2242
2243
2245
2247
2248
2251
2252
2253
2254
2256
2259
2262
2264
2265
2266
2268
2270
2272
2276
2278
2280
2281
2285
2287
2288
2291
2292
2295
2298
2299
2300
2302
2303
2304
2306
2309
2311
2312
2314
2316
2318
2320
2322
2324
2328
2329
2330
2332
2336
2340
2341
2343
2345
2349
2350
2351
2352
2353
2357
2359
2363
2364
2365
2368
2370
2373
2374
2376
2378
2381
2384
2385
2386
2387
2388
2389
2390
2391
2392
2393
2394
2395
2396
2401
2402
2406
2407
2409
2411
2413
2418
2419
2420
2422
2425
2426
2433
2434
2437
2438
2441
2444
2445
2446
2450
2451
2455
2457
2460
2461
2462
2463
2464
2465
2466
2469
2471
2472
2473
2475
2478
2480
2482
2483
2484
2485
2487
2489
2492
2495
2499
2500
2501
2502
2505
2507
2511
2513
2515
2516
2517
2518
2520
2521
2522
2528
2530
2532
2538
2540
2542
2544
2548
2551
2552
2553
2554
2556
2557
2559
2563
2564
2565
2568
2570
2576
2577
2579
2580
2581
2582
2583
2584
2586
2588
2589
2592
2595
2599
2602
2603
2605
2607
2613
2614
2617
2623
2624
2625
2626
2627
2628
2629
2630
2631
2632
2634
2635
2636
2637
2638
2639
2640