3
9
10
11
13
14
15
16
17
18
23
26
27
28
29
30
32
35
36
37
38
39
40
41
42
43
45
47
51
53
61
64
65
66
67
70
71
72
75
76
78
79
81
84
85
88
89
90
91
93
94
95
96
98
99
100
102
105
106
111
114
115
116
121
124
125
126
128
130
134
136
137
138
139
140
141
143
144
145
146
148
149
150
152
153
156
157
158
159
160
162
164
166
167
168
170
171
175
176
178
180
181
182
183
184
186
187
189
191
193
195
196
197
199
200
201
202
205
206
207
209
210
213
217
222
225
228
233
234
237
239
241
242
243
245
249
251
252
253
254
261
263
264
266
267
268
270
271
273
275
276
277
278
279
281
282
285
286
287
289
291
292
293
294
295
297
299
301
303
304
306
308
309
312
317
319
324
325
328
329
330
331
335
337
338
339
341
343
345
346
348
351
353
354
356
358
359
362
363
364
365
366
368
370
372
373
376
377
378
380
381
382
386
387
390
393
394
396
399
400
401
405
408
413
419
421
426
427
428
429
431
434
435
438
439
442
443
445
453
456
458
459
460
461
462
464
468
469
471
472
473
474
475
477
479
482
483
488
490
491
492
493
494
496
497
500
505
506
507
509
511
512
513
515
516
518
519
520
521
523
526
527
528
530
532
534
540
541
543
545
548
553
557
560
562
563
564
565
566
568
571
575
576
577
578
579
580
581
582
584
586
588
589
590
592
594
597
598
599
600
602
603
604
606
609
611
612
614
615
617
619
620
622
627
628
630
631
632
633
639
640
641
642
643
644
646
647
648
649
652
653
656
657
661
662
663
666
669
672
673
675
679
681
683
684
685
687
688
693
694
695
697
699
700
702
705
710
712
713
715
717
718
720
721
725
726
727
729
730
731
732
736
740
743
745
746
747
751
752
753
754
755
757
758
759
760
763
765
766
767
769
772
774
777
778
779
781
782
786
787
789
790
791
792
793
795
796
798
799
800
804
805
807
810
811
812
813
814
816
817
820
822
823
824
825
829
831
832
833
834
835
836
841
845
846
847
848
849
853
854
856
857
859
860
861
862
864
865
866
867
868
869
870
872
873
874
875
876
878
879
882
884
885