0
1
2
17
23
27
28
36
39
42
45
59
66
78
79
85
88
92
95
106
107
109
112
114
118
122
126
133
134
136
138
140
142
143
149
155
158
160
161
171
173
180
181
186
189
190
192
198
199
200
203
217
223
224
232
234
235
240
242
247
251
255
259
262
267
269
276
278
282
302
306
314
316
320
321
324
329
334
336
337
340
341
346
348
353
354
364
368
374
375
385
392
395
403
420
426
435
438
439
443
446
447
448
452
455
456
457
458
463
466
467
468
469
470
479
482
483
489
490
492
501
502
507
519
522
533
548
553
556
557
563
567
571
581
583
584
587
589
591
595
596
599
604
610
612
613
615
617
618
631
632
633
649
656
659
660
663
666
675
678
682
684
685
687
691
697
707
714
716
718
721
726
727
738
747
751
757
758
765
774
778
787
791
798
803
804
806
820
822
829
832
835
836
840
841
848
850
854
856
857
859
862
863
875
878
880
881
890
895
900
910
913
928
929
930
931
932
935
938
945
951
967
971
973
981
988
990
996
997
998
1001
1002
1016
1021
1024
1031
1035
1038
1040
1048
1051
1075
1076
1089
1090
1091
1094
1095
1112
1123
1125
1126
1134
1145
1146
1148
1150
1152
1155
1157
1158
1160
1171
1174
1181
1182
1185
1187
1190
1191
1192
1195
1198
1206
1209
1210
1214
1215
1216
1218
1223
1242
1255
1259
1272
1281
1285
1297
1303
1305
1309
1319
1320
1331
1343
1344
1348
1352
1357
1377
1388
1403
1407
1412
1422
1433
1435
1437
1441
1446
1447
1449
1455
1457
1461
1462
1481
1484
1490
1495
1513
1514
1515
1516
1519
1523
1524
1525
1528
1534
1541
1548
1549
1552
1555
1556
1557
1577
1578
1580
1587
1588
1590
1597
1599
1600
1604
1623
1624
1627
1631
1637
1639
1648
1649
1655
1657
1663
1664
1674
1680
1691
1693
1696
1702
1703
1708
1712
1718
1726
1728
1737
1738
1740
1742
1744
1754
1766
1770
1777
1781
1786
1789
1793
1798
1811
1815
1816
1823
1826
1843
1844
1854
1857
1861
1868
1871
1873
1882
1886
1888
1893
1896
1897
1899
1900
1905
1906
1913
1914
1917
1918
1919
1922
1941
1943
1953
1954
1957
1970
1976
1981
1991
1993
1997
2001
2004
2005
2011
2013
2019
2027
2030
2033
2041
2044
2049
2058
2064
2073
2079
2084
2093
2094
2097
2113
2115
2123
2127
2139
2141
2151
2153
2155
2156
2164
2167
2200
2204
2213
2215
2216
2221
2230
2241