4
5
8
9
11
12
17
18
21
26
29
31
32
33
34
35
36
42
43
44
47
48
49
51
52
57
59
60
61
63
64
67
68
70
71
73
74
75
77
78
79
80
81
82
89
90
91
93
97
98
99
102
105
113
116
117
119
121
122
123
124
127
128
130
131
133
134
136
137
140
141
143
144
145
146
147
149
150
152
155
157
158
159
164
165
167
168
171
172
173
174
177
178
179
181
183
184
186
187
189
193
194
196
202
204
206
207
208
209
210
211
212
213
214
217
218
219
221
222
223
225
226
227
228
231
232
234
236
237
238
239
241
242
243
244
246
248
254
255
256
257
258
259
263
265
266
267
268
269
270
271
272
273
275
277
280
281
282
284
285
286
289
291
293
294
295
297
299
303
306
307
309
310
314
316
318
320
321
323
325
326
328
331
332
333
338
339
342
344
347
351
353
355
356
358
362
364
366
367
369
373
374
375
377
380
381
382
383
386
388
390
392
393
395
396
397
398
399
401
402
403
404
405
407
409
410
412
413
415
418
420
421
422
424
425
426
427
432
433
435
437
439
440
441
444
446
449
450
452
453
454
455
456
459
460
461
462
463
464
466
470
471
473
477
478
479
481
483
484
486
487
489
491
492
493
494
496
499
501
502
504
506
508
511
512
513
515
517
518
519
524
525
526
528
529
530
532
533
537
542
546
547
551
552
556
558
562
563
564
566
567
568
569
574
579
582
583
587
589
590
591
595
598
601
603
606
608
611
612
613
614
615
616
617
619
620
623
624
625
626
628
631
632
634
635
637
638
639
643
644
647
648
649
650
654
655
656
657
658
659
660
661
662
663
664
665
667
668
669
670
672
676
678
679
680
684
686
687
688
692
695
696
697
698
700
701
702
704
705
706
707
708
710
715
716
717
719
720
721
722
724
726
728
729
730
731
734
737
738
744
746
748
749
754
755
756
757
758
759
760
764
766
767
769
771
774
775
776
780
782
783
784
785
786
787
788
789
793
794
796
797
798
802
804
805
806
808
809
810
816
817
818
826
834
835
836
837
838
840
841
842
843
844
845
846
848
850
852
854
856
857
859
860
861
865
866
867
870
871
873
874
876
877
878
879
880
881
883
884
885
886
887
889
890
892
893
898
900
901
904
908
909
911
913
915
916
918
919
920
922
924
925
928
932
933
936
943
944
945
949
950
952
955
957
958
959
960
961
962
963
968
969
970
973
978
979
980
984
990
992
994
997
1002
1003
1004
1006
1008
1010
1011
1014
1015
1020
1021
1022
1023
1024
1025
1029
1030
1032
1036
1037
1041
1042
1045
1047
1048
1050
1051
1052
1054
1057
1059
1060
1062
1064
1067
1068
1070
1071
1072
1075
1078
1079
1080
1081
1082
1085
1086
1087
1088
1089
1090
1091
1095
1096
1100
1101
1102
1103
1107
1108
1110
1112
1113
1115
1121
1124
1125
1128
1129
1130
1131
1132
1133
1135
1138
1139
1142
1143
1145
1146
1149
1150
1151
1152
1154
1156
1157
1158
1159
1163
1164
1166
1167
1168
1170
1173
1174
1175
1178
1180
1181
1183
1184
1185
1186
1187
1192
1194
1195
1196
1198
1199
1201
1202
1204
1206
1208
1209
1213
1214
1216
1219
1220
1221
1226
1228
1229
1230
1231
1233
1239
1240
1241
1245
1248
1249
1250
1251
1252
1253
1254
1255
1256
1257
1261
1262
1264
1266
1267
1273
1275
1277
1279
1280
1281
1282
1286
1288
1289
1291
1293
1295
1296
1297
1298
1302
1303
1304
1308
1309
1310
1311
1314
1315
1318
1319
1320
1323
1328
1331
1333
1334
1336
1340
1341
1342
1344
1345
1347
1349
1350
1351
1352
1353
1354
1356
1358
1360
1362
1363
1365
1366
1369
1370
1372
1374
1375
1376
1377
1378
1379
1381
1382
1383
1384
1388
1390
1391
1392
1394
1396
1399
1406
1408
1409
1410
1411
1412
1413
1414
1415
1416
1417
1423
1426
1428
1430
1431
1433
1434
1435
1438
1439
1440
1441
1443
1444
1447
1449
1452
1453
1456
1457
1460
1463
1464
1465
1470
1475
1476
1478
1479
1481
1485
1486
1488
1490
1492
1495
1497
1499
1501
1503
1505
1506
1507
1508
1511
1512
1513
1514
1516
1521
1523
1525
1526
1529
1531
1534
1535
1536
1539
1540
1541
1542
1543
1547
1549
1550
1551
1554
1556
1557
1558
1559
1560
1561
1562
1563
1564
1565
1566
1570
1573
1574
1575
1577
1579
1580
1584
1589
1590
1594
1595
1596
1597
1599
1600
1603
1604
1606
1609
1610
1611
1614
1615
1616
1619
1621
1622
1624
1625
1626
1627
1628
1629
1631
1632
1634
1635
1636
1638
1639
1640
1641
1642
1643
1646
1648
1649
1651
1654
1655
1656
1657
1662
1663
1665
1666
1668
1670
1671
1672
1675
1676
1678
1680
1684
1686
1687
1688
1690
1691
1692
1694
1698
1702
1703
1706
1707
1709
1710
1711
1713
1714
1717
1718
1719
1721
1724
1727
1729
1730
1731
1733
1735
1737
1738
1739
1744
1746
1747
1750
1753
1754
1758
1759
1760
1761
1762
1764
1765
1768
1769
1771
1772
1773
1775
1777
1779
1780
1782
1786
1790
1791
1793
1795
1798
1799
1800
1802
1803
1808
1809
1810
1811
1812
1815
1816
1817
1819
1820
1823
1825
1827
1832
1833
1834
1835
1839
1840
1841
1847
1849
1853
1856
1859
1860
1862
1864
1865
1867
1868
1872
1873
1874
1875
1877
1880
1884
1887
1890
1891
1895
1896
1897
1898
1899
1902
1904
1905
1906
1909
1912
1916
1917
1918
1919
1920
1921
1926
1927
1930
1931
1933
1934
1936
1939
1941
1942
1944
1950
1951
1952
1955
1957
1958
1960
1962
1965
1966
1967
1973
1974
1977
1979
1980
1982
1986
1987
1994
1995
1996
1997
2000
2001
2002
2003
2004
2006
2007
2008
2009
2010
2011
2012
2016
2017
2019
2020
2021
2023
2024
2025
2028
2029
2031
2032
2033
2034
2035
2037
2038
2041
2042
2043
2044
2045
2046
2047
2049
2054
2055
2056
2057
2058
2059
2061
2062
2063
2064
2066
2067
2068
2069
2073
2074
2075
2077
2079
2080
2082
2084
2085
2091
2094
2095
2096
2097
2098
2099
2112
2113
2116
2120
2122
2123
2124
2130
2134
2137
2141
2142
2143
2145
2146
2147
2149
2150
2151
2153
2155
2156
2157
2159
2160
2162
2164
2166
2167
2169
2170
2175
2177
2178
2181
2183
2184
2185
2187
2189
2190
2192
2193
2194
2196
2197
2199
2202
2203
2204
2206
2207
2208
2209
2211
2217
2219
2220
2222
2224
2225
2226
2227
2228
2229
2232
2236
2243
2245
2246
2248
2254
2256
2258
2259
2262
2264
2266
2269
2270
2271
2279
2280
2283
2285
2287
2290
2292
2293
2294
2296
2297
2298
2299
2300
2301
2302
2303
2304
2305
2306
2308
2311
2316
2318
2320
2321
2326
2329
2330
2331
2332
2334
2335
2337
2339
2341
2343
2344
2345
2346
2347
2349
2350
2353
2354
2358
2359
2360
2365
2368
2369
2371
2372
2373
2374
2376
2378
2381
2385
2386
2388
2390
2392
2395
2397
2398
2400
2401
2402
2408
2409
2410
2411
2412
2415
2416
2420
2421
2422
2424
2426
2427
2428
2431
2437
2438
2439
2440
2441
2442
2443
2445
2446
2449
2450
2453
2454
2455
2458
2459
2460
2461
2462
2464
2465
2466
2467
2468
2470
2472
2473
2476
2477
2478
2479
2480
2482
2486
2487
2488
2490
2491
2492
2496
2498
2499
2500
2502
2504
2505
2508
2509
2510
2511
2512
2514
2517
2519
2520
2522
2527
2528
2529
2531
2535
2536
2537
2538
2540
2542
2543
2544
2545
2546
2547
2548
2549
2550
2551
2552
2553
2555
2558
2559
2560
2562
2565
2569
2571
2572
2576
2578
2580
2582
2585
2587
2589
2590
2593
2594
2596
2597
2598
2599
2600
2601
2604
2606
2608
2610
2612
2613
2614
2617
2620
2623
2624
2626
2628
2629
2630
2631
2634
2635
2638
2641
2642
2645
2647
2650
2651
2652
2654
2655
2657
2658
2659
2662
2663
2665
2667
2668
2673
2674
2676
2677
2679
2681
2684
2686
2688
2690
2693
2695
2696
2698
2699
2704
2706
2707
2708
2710
2713
2718
2720
2722
2724
2727
2728
2729
2734
2736
2739
2741
2742
2743
2746
2750
2753
2754
2756
2758
2760
2761
2763
2765
2766
2767
2768
2772
2773
2775
2777
2779
2782
2785
2786
2789
2791
2792
2794
2796
2798
2800
2805
2806
2808
2809
2811
2814
2815
2816
2817
2822
2824
2826
2828
2829
2830
2831
2834
2835
2840
2845
2846
2847
2849
2853
2856
2858
2859
2860
2862
2863
2864
2866
2869
2876
2877
2878
2882
2883
2885
2888
2890
2892
2895
2896
2898
2903
2909
2911
2917
2918
2919
2921
2924
2925
2928
2930
2931
2935
2936
2938
2939
2940
2941
2943
2948
2949
2950
2953
2954
2956
2957
2959
2967
2972
2974
2975
2976
2979
2980
2982
2983
2984
2988
2991
2995
2997
2998
3004
3006
3008
3009
3011
3012
3014
3015
3017
3018
3021
3022
3026
3027
3028
3030
3032
3034
3035
3036
3038
3039
3041
3048
3051
3052
3053
3054
3055
3056
3058
3061
3065
3068
3069
3072
3073
3074
3075
3076
3077
3078
3080
3082
3083
3084
3086
3090
3093
3098
3099
3101
3104
3107
3108
3109
3110
3111
3112
3115
3118
3119
3123
3124
3125
3127
3128
3129
3131
3133
3135
3137
3138
3139
3140
3141
3142
3143
3144
3145
3146
3147
3148
3149
3153
3154
3157
3158
3159
3161
3162
3165
3167
3168
3169
3170
3171
3172
3174
3177
3178
3180
3182
3183
3187
3188
3189
3191
3195
3196
3198
3199
3200
3201
3204
3205
3208
3210
3216
3217
3220
3221
3223
3224
3225
3226
3227
3228
3229
3230
3232
3233
3234
3235
3236
3238
3241
3242
3243
3245
3247
3249
3251
3252
3254
3257
3259
3260
3261
3262
3263
3264
3265
3267
3268
3271
3273
3274
3277
3279
3280
3285
3286
3287
3288
3289
3291
3292
3296
3297
3298
3301
3303
3304
3310
3312
3313
3315
3317
3322
3327
3329
3330
3331
3333
3334
3335
3340
3342
3343
3345
3346
3347
3349
3350
3351
3352
3355
3356
3357
3358
3360
3361
3364
3365
3369
3373
3376
3382
3383
3384
3387
3391
3393
3399
3403
3404
3406
3407
3408
3410
3412
3413
3414
3416
3418
3422
3423
3424
3425
3426
3429
3430
3432
3433
3435
3438
3440
3441
3446
3449
3451
3455
3457
3458
3460
3461
3468
3471
3473
3474
3475
3477
3478
3480
3481
3482
3484
3485
3487
3490
3492
3493
3495
3497
3498
3500
3503
3505
3506
3507
3508
3509
3515
3517
3519
3521
3525
3526
3531
3532
3534
3537
3539
3540
3541
3544
3545
3546
3547
3551
3555
3559
3561
3563
3564
3565
3572
3573
3576
3578
3582
3583
3584
3585
3591
3593
3594
3596
3602
3605
3607
3608
3611
3612
3615
3616
3618
3620
3621
3625
3632
3633
3640
3642
3648
3649
3652
3654
3655
3656
3658
3661
3664
3666
3668
3669
3671
3672
3673
3674
3675
3677
3678
3683
3684
3686
3687
3688
3689
3691
3693
3696
3697
3698
3701
3702
3704
3707
3708
3710
3712
3714
3716
3717
3721
3723
3725
3727
3728
3729
3730
3731
3734
3738
3741
3743
3744
3745
3747
3748
3749
3750
3751
3753
3754
3755
3758
3759
3762
3765
3768
3769
3773
3775
3777
3778
3779
3780
3781
3783
3785
3788
3790
3793
3795
3796
3798
3800
3801
3803
3806
3807
3809
3810
3812
3813
3814
3815
3816
3823
3826
3831
3833
3839
3840
3841
3848
3849
3852
3854
3855
3857
3859
3860
3863
3868
3869
3870
3871
3875
3877
3878
3879
3880
3881
3883
3885
3891
3892
3898
3900
3901
3902
3903
3904
3906
3910
3911
3913
3914
3915
3917
3920
3921
3924
3928
3929
3933
3934
3937
3939
3944
3945
3950
3951
3952
3954
3955
3957
3960
3962
3964
3966
3969
3970
3971
3972
3974
3979
3980
3981
3984
3986
3989
3994
3995
3996
3997
3998
3999
4001
4005
4007
4008
4010
4011
4016
4017
4018
4019
4020
4022
4023
4026
4028
4030
4032
4034
4036
4038
4039
4042
4046
4048
4049
4050
4051
4055
4056
4057
4058
4059
4062
4064
4070
4071
4073
4074
4075
4077
4080
4081
4082
4085
4087
4090
4092
4096
4099
4100
4103
4107
4108
4109
4114
4115
4116
4117
4118
4119
4120
4122
4123
4124
4126
4129
4132
4133
4134
4136
4137
4138
4140
4141
4143
4144
4146
4148
4150
4151
4152
4153
4154
4155
4160
4164
4165
4166
4170
4171
4172
4173
4174
4175
4176
4178
4181
4189
4191
4193
4194
4196
4197
4202
4203
4204
4206
4207
4208
4210
4214
4218
4223
4228
4230
4231
4232
4233
4237
4238
4240
4241
4243
4244
4248
4249
4251
4254
4255
4256
4261
4264
4265
4266
4268
4269
4272
4273
4275
4277
4280
4281
4282
4285
4286
4287
4289
4294
4297
4298
4300
4301
4302
4306
4307
4309
4310
4312
4313
4314
4318
4319
4320
4322
4323
4324
4328
4329
4332
4334
4336
4338
4339
4340
4342
4346
4348
4349
4350
4355
4356
4357
4358
4359
4360
4362
4363
4364
4368
4369
4370
4372
4373
4376
4379
4383
4384
4385
4387
4388
4389
4390
4391
4393
4394
4395
4397
4399
4402
4407
4409
4411
4413
4414
4415
4418
4422
4423
4425
4426
4428
4429
4430
4432
4433
4434
4435
4436
4437
4442
4443
4445
4446
4448
4452
4454
4456
4457
4458
4462
4464
4465
4466
4467
4469
4471
4472
4473
4474
4475
4477
4478
4480
4482
4485
4486
4487
4488
4495
4496
4498
4503
4504
4506
4507
4514
4521
4522
4523
4524
4527
4528
4534
4535
4537
4539
4540
4542
4546
4547
4552
4554
4555
4556
4557
4559
4561
4565
4569
4570
4571
4573
4574
4575
4577
4578
4581
4584
4591
4593
4595
4596
4598
4605
4609
4610
4611
4613
4614
4616
4617
4622
4626
4629
4630
4632
4633
4634
4635
4637
4641
4643
4644
4645
4647
4648
4653
4655
4656
4660
4661
4663
4666
4670
4673
4674
4677
4678
4681
4682
4684
4687
4691
4692
4694
4696
4697
4699
4701
4705
4706
4710
4711
4712
4715
4716
4722
4728
4730
4734
4736
4737
4739
4740
4741
4742
4747
4748
4749
4754
4760
4763
4766
